3.000000000000000000e+00
3.726793874347960056e+00
4.072078702731438682e+00
4.275223480004179955e+00
4.385867310801389252e+00
4.446210601559209330e+00
4.479602590030077103e+00
4.498545186808254215e+00
4.509632647597187294e+00
4.516175311907371537e+00
4.520171609221021569e+00
4.522635248946081710e+00
4.524081196506351432e+00
4.524751991355560499e+00
4.524794966867629498e+00
4.524302431256271184e+00
4.523357446422745731e+00
4.522046678343834891e+00
4.520463516349075839e+00
4.518685248811373789e+00
4.516779681188321405e+00
4.514785819024790037e+00
4.512749738886853379e+00
4.510720035362988156e+00
4.508734636867097301e+00
4.506834438886537342e+00
4.505073080881216718e+00
4.503515212270613688e+00
4.502274048226224679e+00
4.501423629710329166e+00
4.500949937187496808e+00
4.500903984980871186e+00
4.501250885249223010e+00
4.501948131081383586e+00
4.502935689688031928e+00
4.504133208738722693e+00
4.505437066527441914e+00
4.506756903808588177e+00
4.508030005718342892e+00
4.509200224267766899e+00
4.510240114108908571e+00
4.511176850008306261e+00
4.512013010641757305e+00
4.512778697075799705e+00
4.513487935067998613e+00
4.514186262308292008e+00
4.514862609670966975e+00
4.515482146063332536e+00
4.516017007278894546e+00
4.516405144789978898e+00
4.516577794793570355e+00
