3.000000000000000000e+00
3.756895620366120792e+00
4.131863930179875410e+00
4.317624190921048211e+00
4.409650457561252068e+00
4.455240510009327970e+00
4.477826030739823437e+00
4.489014858289118060e+00
4.494557918663300455e+00
4.497303923246239066e+00
4.498664508188327638e+00
4.499338335815629364e+00
4.499672359547588485e+00
4.499837751342000480e+00
4.499919726379765450e+00
4.499960278703938776e+00
4.499980315252498642e+00
4.499990244870607725e+00
4.499995145470295554e+00
4.499997578371202067e+00
4.499998785354033082e+00
4.499999386215948860e+00
4.499999685984741760e+00
4.499999837200350683e+00
4.499999915931153005e+00
4.499999956592008132e+00
4.499999977586844224e+00
4.499999988509117976e+00
4.499999994219126442e+00
4.499999997219447323e+00
4.499999998725498607e+00
