5.000000000000000000e-01
5.000000000000000000e-01
5.000000000000000000e-01
5.000000000000000000e-01
5.000000000000000000e-01
9.956039020873582723e-01
1.263587749784901071e+00
1.390489289785094673e+00
1.449372967115047039e+00
1.476603005250112455e+00
1.489187763534461029e+00
1.495003506697451856e+00
1.497691050585984396e+00
1.498932999211906036e+00
1.499506916245679555e+00
1.499772135310672327e+00
1.499894706341387884e+00
1.499951345271913095e+00
1.499977519084851441e+00
1.499989619752778891e+00
1.499995216424670597e+00
1.499997783491845205e+00
1.499998975295328663e+00
1.499999522843852073e+00
1.499999777232850162e+00
1.747801839515967792e+00
1.881793813789918390e+00
1.945244611964293657e+00
1.974686507617239295e+00
1.988301491841318880e+00
1.994593877441306784e+00
1.997501732735196489e+00
1.998845516904747210e+00
1.999466493840778902e+00
1.999753460908389568e+00
1.999886078964107083e+00
1.999947358590820290e+00
1.999975677820484465e+00
1.999988774070789121e+00
1.999994825479931349e+00
1.999997598089937600e+00
1.999998891773433263e+00
1.999999483578209558e+00
1.999999759179301284e+00
1.999999888304578644e+00
1.999999946736478851e+00
1.999999981556320305e+00
1.999999985135981539e+00
1.999999992647145675e+00
1.999999996549023606e+00
1.504396088813649168e+00
1.236412248737745578e+00
1.109510712974157043e+00
1.050626988363484005e+00
1.023397061130511876e+00
1.010812212064137849e+00
1.004996493839424465e+00
1.002308956877041801e+00
1.001067008081315768e+00
1.000493090415116360e+00
1.000227861699747756e+00
1.000105292929097001e+00
1.000048648603911738e+00
1.000022478206927579e+00
1.000010382940407894e+00
1.000004785198102875e+00
1.000002212271357438e+00
1.000001024598934585e+00
1.000000476122025139e+00
1.000000222407165795e+00
1.000000103933158302e+00
1.000000048571616285e+00
1.000000017982898504e+00
1.000000012824206141e+00
1.000000006270722386e+00
1.247801946474294210e+00
1.381793869462406121e+00
1.445244637791678999e+00
1.474686506435223698e+00
1.488301500122983789e+00
1.494593882878873181e+00
1.497501744667983026e+00
1.498845512049984618e+00
1.499466467106756573e+00
1.499753458556125407e+00
1.499886084855969415e+00
1.499947365844501057e+00
1.499975682394114385e+00
1.499988772042502472e+00
1.499994825466948623e+00
1.499997603135109658e+00
1.499998891948598700e+00
1.499999484311447029e+00
1.499999759100765884e+00
1.499999887428039358e+00
1.499999947392920863e+00
1.499999975415573727e+00
1.499999988510926974e+00
1.499999994631386890e+00
1.499999998044542426e+00
1.252198052703631381e+00
