3.000000000000000000e+02 1.000000000000000056e-01
2.999753548030546426e+02 1.000000000000000056e-01
3.000014956435790054e+02 1.000000000000000056e-01
3.000014777761460891e+02 1.000000000000000056e-01
3.000014796949124047e+02 1.000000000000000056e-01
2.999376994963175775e+02 1.000000000000000056e-01
2.999372474557636110e+02 1.000000000000000056e-01
2.999372469860368255e+02 1.000000000000000056e-01
2.999371642458199858e+02 1.000000000000000056e-01
2.999999999999978400e+02 1.000000000000000056e-01
3.000132467854786000e+02 1.000000000000000056e-01
3.000133803087038586e+02 1.000000000000000056e-01
3.000133801528820641e+02 1.000000000000000056e-01
3.000133982491169604e+02 1.000000000000000056e-01
2.999999999999978968e+02 1.000000000000000056e-01
2.999989054129765691e+02 1.000000000000000056e-01
2.999988833819494971e+02 1.000000000000000056e-01
2.999988834119632202e+02 1.000000000000000056e-01
2.999988819144165291e+02 1.000000000000000056e-01
2.999999999999978968e+02 1.000000000000000056e-01
3.000016957935827122e+02 1.000000000000000056e-01
3.000017040604005274e+02 1.000000000000000056e-01
3.000017040542470568e+02 1.000000000000000056e-01
3.000017063537376885e+02 1.000000000000000056e-01
2.999999999999978968e+02 1.000000000000000056e-01
3.000011547770058655e+02 1.000000000000000056e-01
3.000011571579395877e+02 1.000000000000000056e-01
3.000011571588651691e+02 1.000000000000000056e-01
3.000011587215736313e+02 1.000000000000000056e-01
2.999999999999978968e+02 1.000000000000000056e-01
3.000012598105439565e+02 1.000000000000000056e-01
3.000012633335281294e+02 1.000000000000000056e-01
3.000012633330829885e+02 1.000000000000000056e-01
3.000012650388086968e+02 1.000000000000000056e-01
2.999999999999978968e+02 1.000000000000000056e-01
3.000012393689851251e+02 1.000000000000000056e-01
3.000012426698429522e+02 1.000000000000000056e-01
3.000012426696638954e+02 1.000000000000000056e-01
3.000012443475550299e+02 1.000000000000000056e-01
2.999999999999978968e+02 1.000000000000000056e-01
3.000012433448613933e+02 1.000000000000000056e-01
3.000012466889306211e+02 1.000000000000000056e-01
3.000012466886997231e+02 1.000000000000000056e-01
3.000012483720046816e+02 1.000000000000000056e-01
2.999999999999978968e+02 1.000000000000000056e-01
3.000012425715590325e+02 1.000000000000000056e-01
3.000012459072241882e+02 1.000000000000000056e-01
3.000012459070033515e+02 1.000000000000000056e-01
3.000012475892553425e+02 1.000000000000000056e-01
2.999999999999978968e+02 1.000000000000000056e-01
3.000012427219669462e+02 1.000000000000000056e-01
3.000012460592667480e+02 1.000000000000000056e-01
3.000012460590439787e+02 1.000000000000000056e-01
3.000012477415007766e+02 1.000000000000000056e-01
2.999999999999978968e+02 1.000000000000000056e-01
3.000012426927123670e+02 1.000000000000000056e-01
3.000012460296943004e+02 1.000000000000000056e-01
3.000012460294718721e+02 1.000000000000000056e-01
3.000012477118887659e+02 1.000000000000000056e-01
2.999999999999978968e+02 1.000000000000000056e-01
3.000012426984021090e+02 1.000000000000000056e-01
3.000012460354458312e+02 1.000000000000000056e-01
3.000012460352233461e+02 1.000000000000000056e-01
3.000012477176480843e+02 1.000000000000000056e-01
2.999999999999978968e+02 1.000000000000000056e-01
3.000012426972963908e+02 1.000000000000000056e-01
3.000012460343281191e+02 1.000000000000000056e-01
3.000012460341056908e+02 1.000000000000000056e-01
3.000012477165288374e+02 1.000000000000000056e-01
2.999999999999978968e+02 1.000000000000000056e-01
3.000012426975087578e+02 1.000000000000000056e-01
3.000012460345428167e+02 1.000000000000000056e-01
3.000012460343203315e+02 1.000000000000000056e-01
3.000012477167438192e+02 1.000000000000000056e-01
2.999999999999978968e+02 1.000000000000000056e-01
3.000012426974672053e+02 1.000000000000000056e-01
3.000012460345007526e+02 1.000000000000000056e-01
3.000012460342783243e+02 1.000000000000000056e-01
3.000012477167016982e+02 1.000000000000000056e-01
2.999999999999978968e+02 1.000000000000000056e-01
3.000012426974759592e+02 1.000000000000000056e-01
3.000012460345096201e+02 1.000000000000000056e-01
3.000012460342871350e+02 1.000000000000000056e-01
3.000012477167106226e+02 1.000000000000000056e-01
2.999999999999978968e+02 1.000000000000000056e-01
3.000012426974738560e+02 1.000000000000000056e-01
3.000012460345074601e+02 1.000000000000000056e-01
3.000012460342850318e+02 1.000000000000000056e-01
3.000012477167084626e+02 1.000000000000000056e-01
2.999999999999978968e+02 1.000000000000000056e-01
3.000012426974739128e+02 1.000000000000000056e-01
3.000012460345075738e+02 1.000000000000000056e-01
3.000012460342850886e+02 1.000000000000000056e-01
3.000012477167085194e+02 1.000000000000000056e-01
2.999999999999978968e+02 1.000000000000000056e-01
3.000012426974772097e+02 1.000000000000000056e-01
3.000012460345108707e+02 1.000000000000000056e-01
3.000012460342883855e+02 1.000000000000000056e-01
3.000012477167118163e+02 1.000000000000000056e-01
2.999999999999978968e+02 1.000000000000000056e-01
3.000012426974782329e+02 1.000000000000000056e-01
3.000012460345119507e+02 1.000000000000000056e-01
3.000012460342894656e+02 1.000000000000000056e-01
3.000012477167128395e+02 1.000000000000000056e-01
2.999999999999978968e+02 1.000000000000000056e-01
3.000012426974789719e+02 1.000000000000000056e-01
3.000012460345126328e+02 1.000000000000000056e-01
3.000012460342902045e+02 1.000000000000000056e-01
3.000012477167135785e+02 1.000000000000000056e-01
2.999999999999978968e+02 1.000000000000000056e-01
3.000012426974731738e+02 1.000000000000000056e-01
3.000012460345067780e+02 1.000000000000000056e-01
3.000012460342843497e+02 1.000000000000000056e-01
3.000012477167077236e+02 1.000000000000000056e-01
2.999999999999978968e+02 1.000000000000000056e-01
3.000012426974751065e+02 1.000000000000000056e-01
3.000012460345087106e+02 1.000000000000000056e-01
3.000012460342862823e+02 1.000000000000000056e-01
3.000012477167097131e+02 1.000000000000000056e-01
2.999999999999978968e+02 1.000000000000000056e-01
3.000012426974794266e+02 1.000000000000000056e-01
3.000012460345130876e+02 1.000000000000000056e-01
3.000012460342906593e+02 1.000000000000000056e-01
3.000012477167140332e+02 1.000000000000000056e-01
2.999999999999992042e+02 1.000000000000000056e-01
3.000012426974765276e+02 1.000000000000000056e-01
3.000012460345101886e+02 1.000000000000000056e-01
3.000012460342877603e+02 1.000000000000000056e-01
3.000012477167111911e+02 1.000000000000000056e-01
2.999999999999978968e+02 1.000000000000000056e-01
3.000012426974790856e+02 1.000000000000000056e-01
3.000012460345127465e+02 1.000000000000000056e-01
3.000012460342903182e+02 1.000000000000000056e-01
3.000012477167137490e+02 1.000000000000000056e-01
2.999999999999978968e+02 1.000000000000000056e-01
3.000012426974811319e+02 1.000000000000000056e-01
3.000012460345147929e+02 1.000000000000000056e-01
3.000012460342923077e+02 1.000000000000000056e-01
3.000012477167157954e+02 1.000000000000000056e-01
2.999999999999978968e+02 1.000000000000000056e-01
3.000012426974781761e+02 1.000000000000000056e-01
3.000012460345118370e+02 1.000000000000000056e-01
3.000012460342893519e+02 1.000000000000000056e-01
3.000012477167127827e+02 1.000000000000000056e-01
2.999999999999978968e+02 1.000000000000000056e-01
3.000012426974731170e+02 1.000000000000000056e-01
3.000012460345067211e+02 1.000000000000000056e-01
3.000012460342842928e+02 1.000000000000000056e-01
3.000012477167076668e+02 1.000000000000000056e-01
2.999999999999978968e+02 1.000000000000000056e-01
3.000012426974797108e+02 1.000000000000000056e-01
3.000012460345133718e+02 1.000000000000000056e-01
3.000012460342909435e+02 1.000000000000000056e-01
3.000012477167143174e+02 1.000000000000000056e-01
2.999999999999978968e+02 1.000000000000000056e-01
3.000012426974731738e+02 1.000000000000000056e-01
3.000012460345067780e+02 1.000000000000000056e-01
3.000012460342843497e+02 1.000000000000000056e-01
3.000012477167077236e+02 1.000000000000000056e-01
2.999999999999978968e+02 1.000000000000000056e-01
3.000012426974739697e+02 1.000000000000000056e-01
3.000012460345076306e+02 1.000000000000000056e-01
3.000012460342851455e+02 1.000000000000000056e-01
3.000012477167085763e+02 1.000000000000000056e-01
2.999999999999978968e+02 1.000000000000000056e-01
3.000012426974740265e+02 1.000000000000000056e-01
3.000012460345077443e+02 1.000000000000000056e-01
3.000012460342852592e+02 1.000000000000000056e-01
3.000012477167086331e+02 1.000000000000000056e-01
2.999999999999978968e+02 1.000000000000000056e-01
3.000012426974739128e+02 1.000000000000000056e-01
3.000012460345075738e+02 1.000000000000000056e-01
3.000012460342851455e+02 1.000000000000000056e-01
3.000012477167085194e+02 1.000000000000000056e-01
2.999999999999978968e+02 1.000000000000000056e-01
3.000012426974736286e+02 1.000000000000000056e-01
3.000012460345072896e+02 1.000000000000000056e-01
3.000012460342848613e+02 1.000000000000000056e-01
3.000012477167082352e+02 1.000000000000000056e-01
2.999999999999978968e+02 1.000000000000000056e-01
3.000012426974740833e+02 1.000000000000000056e-01
3.000012460345076875e+02 1.000000000000000056e-01
3.000012460342852023e+02 1.000000000000000056e-01
3.000012477167086331e+02 1.000000000000000056e-01
2.999999999999978968e+02 1.000000000000000056e-01
3.000012426974817004e+02 1.000000000000000056e-01
3.000012460345153613e+02 1.000000000000000056e-01
3.000012460342928762e+02 1.000000000000000056e-01
3.000012477167163070e+02 1.000000000000000056e-01
2.999999999999978968e+02 1.000000000000000056e-01
3.000012426974762434e+02 1.000000000000000056e-01
3.000012460345099043e+02 1.000000000000000056e-01
3.000012460342874192e+02 1.000000000000000056e-01
3.000012477167108500e+02 1.000000000000000056e-01
2.999999999999992042e+02 1.000000000000000056e-01
3.000012426974740833e+02 1.000000000000000056e-01
3.000012460345076875e+02 1.000000000000000056e-01
3.000012460342852592e+02 1.000000000000000056e-01
3.000012477167086331e+02 1.000000000000000056e-01
2.999999999999978968e+02 1.000000000000000056e-01
3.000012426974741970e+02 1.000000000000000056e-01
3.000012460345078011e+02 1.000000000000000056e-01
3.000012460342853160e+02 1.000000000000000056e-01
3.000012477167088036e+02 1.000000000000000056e-01
2.999999999999978968e+02 1.000000000000000056e-01
3.000012426974740265e+02 1.000000000000000056e-01
3.000012460345076306e+02 1.000000000000000056e-01
3.000012460342852023e+02 1.000000000000000056e-01
3.000012477167086331e+02 1.000000000000000056e-01
2.999999999999978968e+02 1.000000000000000056e-01
3.000012426974737991e+02 1.000000000000000056e-01
3.000012460345074032e+02 1.000000000000000056e-01
3.000012460342849749e+02 1.000000000000000056e-01
3.000012477167083489e+02 1.000000000000000056e-01
2.999999999999978968e+02 1.000000000000000056e-01
3.000012426974766981e+02 1.000000000000000056e-01
3.000012460345103591e+02 1.000000000000000056e-01
3.000012460342879308e+02 1.000000000000000056e-01
3.000012477167113616e+02 1.000000000000000056e-01
2.999999999999978968e+02 1.000000000000000056e-01
3.000012426974764139e+02 1.000000000000000056e-01
3.000012460345101317e+02 1.000000000000000056e-01
3.000012460342876466e+02 1.000000000000000056e-01
3.000012477167110774e+02 1.000000000000000056e-01
2.999999999999978968e+02 1.000000000000000056e-01
3.000012426974730033e+02 1.000000000000000056e-01
3.000012460345066074e+02 1.000000000000000056e-01
3.000012460342841223e+02 1.000000000000000056e-01
3.000012477167074962e+02 1.000000000000000056e-01
2.999999999999978968e+02 1.000000000000000056e-01
3.000012426974747655e+02 1.000000000000000056e-01
3.000012460345083696e+02 1.000000000000000056e-01
3.000012460342859413e+02 1.000000000000000056e-01
3.000012477167093152e+02 1.000000000000000056e-01
2.999999999999978968e+02 1.000000000000000056e-01
3.000012426974739128e+02 1.000000000000000056e-01
3.000012460345076306e+02 1.000000000000000056e-01
3.000012460342851455e+02 1.000000000000000056e-01
3.000012477167085194e+02 1.000000000000000056e-01
2.999999999999978968e+02 1.000000000000000056e-01
3.000012426974788013e+02 1.000000000000000056e-01
3.000012460345124623e+02 1.000000000000000056e-01
3.000012460342899772e+02 1.000000000000000056e-01
3.000012477167134080e+02 1.000000000000000056e-01
2.999999999999978968e+02 1.000000000000000056e-01
3.000012426974730033e+02 1.000000000000000056e-01
3.000012460345066643e+02 1.000000000000000056e-01
3.000012460342841791e+02 1.000000000000000056e-01
3.000012477167075531e+02 1.000000000000000056e-01
2.999999999999978968e+02 1.000000000000000056e-01
3.000012426974772097e+02 1.000000000000000056e-01
3.000012460345108707e+02 1.000000000000000056e-01
3.000012460342883855e+02 1.000000000000000056e-01
3.000012477167118163e+02 1.000000000000000056e-01
2.999999999999978968e+02 1.000000000000000056e-01
3.000012426974784603e+02 1.000000000000000056e-01
3.000012460345120644e+02 1.000000000000000056e-01
3.000012460342896361e+02 1.000000000000000056e-01
3.000012477167130100e+02 1.000000000000000056e-01
2.999999999999978968e+02 1.000000000000000056e-01
3.000012426974736286e+02 1.000000000000000056e-01
3.000012460345072896e+02 1.000000000000000056e-01
3.000012460342848044e+02 1.000000000000000056e-01
3.000012477167082352e+02 1.000000000000000056e-01
2.999999999999978968e+02 1.000000000000000056e-01
3.000012426974820414e+02 1.000000000000000056e-01
3.000012460345157592e+02 1.000000000000000056e-01
3.000012460342933309e+02 1.000000000000000056e-01
3.000012477167167049e+02 1.000000000000000056e-01
2.999999999999978968e+02 1.000000000000000056e-01
3.000012426974727759e+02 1.000000000000000056e-01
3.000012460345063232e+02 1.000000000000000056e-01
3.000012460342838949e+02 1.000000000000000056e-01
3.000012477167073257e+02 1.000000000000000056e-01
2.999999999999978968e+02 1.000000000000000056e-01
3.000012426974777782e+02 1.000000000000000056e-01
3.000012460345114391e+02 1.000000000000000056e-01
3.000012460342889540e+02 1.000000000000000056e-01
3.000012477167124416e+02 1.000000000000000056e-01
2.999999999999978968e+02 1.000000000000000056e-01
3.000012426974765845e+02 1.000000000000000056e-01
3.000012460345103023e+02 1.000000000000000056e-01
3.000012460342878171e+02 1.000000000000000056e-01
3.000012477167112479e+02 1.000000000000000056e-01
2.999999999999978968e+02 1.000000000000000056e-01
3.000012426974759592e+02 1.000000000000000056e-01
3.000012460345096201e+02 1.000000000000000056e-01
3.000012460342871350e+02 1.000000000000000056e-01
3.000012477167105658e+02 1.000000000000000056e-01
2.999999999999978968e+02 1.000000000000000056e-01
3.000012426974758455e+02 1.000000000000000056e-01
3.000012460345095064e+02 1.000000000000000056e-01
3.000012460342870213e+02 1.000000000000000056e-01
3.000012477167104521e+02 1.000000000000000056e-01
2.999999999999978968e+02 1.000000000000000056e-01
3.000012426974729465e+02 1.000000000000000056e-01
3.000012460345066074e+02 1.000000000000000056e-01
3.000012460342841791e+02 1.000000000000000056e-01
3.000012477167075531e+02 1.000000000000000056e-01
2.999999999999978968e+02 1.000000000000000056e-01
3.000012426974742539e+02 1.000000000000000056e-01
3.000012460345078580e+02 1.000000000000000056e-01
3.000012460342854297e+02 1.000000000000000056e-01
3.000012477167088605e+02 1.000000000000000056e-01
2.999999999999978968e+02 1.000000000000000056e-01
3.000012426974738560e+02 1.000000000000000056e-01
3.000012460345075169e+02 1.000000000000000056e-01
3.000012460342850886e+02 1.000000000000000056e-01
3.000012477167084626e+02 1.000000000000000056e-01
2.999999999999978968e+02 1.000000000000000056e-01
3.000012426974794835e+02 1.000000000000000056e-01
3.000012460345131444e+02 1.000000000000000056e-01
3.000012460342906593e+02 1.000000000000000056e-01
3.000012477167140901e+02 1.000000000000000056e-01
2.999999999999978968e+02 1.000000000000000056e-01
