1.000000000000000000e+00
1.000000000000000000e+00
1.000000000000000000e+00
1.000000000000000000e+00
1.000000000000000000e+00
2.000000000000000000e+00
2.586996777234483957e+00
2.883655376599044917e+00
3.008146173935428713e+00
3.044702220179191343e+00
3.043787240434086883e+00
3.031445855171462700e+00
3.018941384903206959e+00
3.009828999673947791e+00
3.004282739279528158e+00
3.001374988645270747e+00
3.000090168154800008e+00
2.999664901918142501e+00
2.999624611184247502e+00
2.999715390790176350e+00
2.999822038885486819e+00
2.999904272311545217e+00
2.999956261336949037e+00
2.999984516528267697e+00
2.999997589903129036e+00
3.500002319638151782e+00
3.793501556122997442e+00
3.941830264996758260e+00
4.004074792490600387e+00
4.022352093690884089e+00
4.021894115947186599e+00
4.015723129207668940e+00
4.009470800085546571e+00
4.004914560660400191e+00
4.002141358978157371e+00
4.000687444282338134e+00
4.000045014820218903e+00
3.999832373862653334e+00
3.999812231140932095e+00
3.999857641596403557e+00
3.999910981640711682e+00
3.999952137832704757e+00
3.999978110637187889e+00
3.999992222563522937e+00
3.999998744912615756e+00
4.000001104525789053e+00
4.000001531017097101e+00
4.000001232885838753e+00
4.000000798700742877e+00
4.000000442045744009e+00
3.000000221125552535e+00
2.413003327096504336e+00
2.116344662923779651e+00
1.991853827601108851e+00
1.955297772378544074e+00
1.956212757420618065e+00
1.968554084876145360e+00
1.981058594219390345e+00
1.990170980394826206e+00
1.995717260552536843e+00
1.998625019566241390e+00
1.999909849320908872e+00
2.000335119149479368e+00
2.000375424836954075e+00
2.000284640095565170e+00
2.000177982408114730e+00
2.000095738266464362e+00
2.000043738271020999e+00
2.000015482452058180e+00
2.000002407929141857e+00
1.999997672217547429e+00
1.999996851500148054e+00
1.999997473707278317e+00
1.999998367642780828e+00
1.999999095584643838e+00
2.499999569657132881e+00
2.793498226730402045e+00
2.941827666299228206e+00
3.004073131581503020e+00
3.022351178094413893e+00
3.021893689157800544e+00
3.015722972601571961e+00
3.009470721940542770e+00
3.004914575255303255e+00
3.002141389388854442e+00
3.000687473349016088e+00
3.000045036097036100e+00
2.999832378911011954e+00
2.999812212954879875e+00
2.999857611235436039e+00
2.999910959195481119e+00
2.999952117458666301e+00
2.999978104377253985e+00
2.999992227892736008e+00
2.999998756809906020e+00
3.000001117101232406e+00
3.000001537471201019e+00
3.000001237955413735e+00
3.000000801337742828e+00
3.000000445217981149e+00
2.500000212524900789e+00
