1.000000000000000000e+00
1.000000000000000000e+00
1.000000000000000000e+00
1.000000000000000000e+00
1.000000000000000000e+00
2.799999999999999822e+00
2.964507123111717490e+00
2.988073401952581420e+00
2.994840370339120650e+00
2.997643513537107562e+00
2.998913046884307043e+00
2.999497935095754464e+00
2.999768008295855104e+00
2.999892801408284182e+00
2.999950479887970811e+00
2.999977155095087333e+00
2.999989482938388186e+00
2.999995154977816547e+00
2.999997775092585250e+00
2.999998980020444961e+00
2.999999513463551981e+00
2.999999728891307171e+00
2.999999868005224002e+00
2.999999924768407045e+00
2.999999962326688419e+00
3.899999981724060927e+00
3.982253577170642433e+00
3.994036750937863367e+00
3.997420252140571950e+00
3.998821694950122740e+00
3.999456533299629246e+00
3.999748975505295068e+00
3.999884073641106763e+00
3.999946466958235636e+00
3.999975312640786207e+00
3.999988632404269051e+00
3.999994763185299895e+00
3.999997598281753497e+00
3.999998899360384996e+00
3.999999461657507638e+00
3.999999698679917781e+00
3.999999863203020922e+00
3.999999917485597578e+00
3.999999959337655842e+00
3.999999979413276119e+00
3.999999986777118544e+00
3.999999995003606479e+00
3.999999975972467592e+00
3.999999997358208770e+00
3.999999999326600442e+00
2.199999999685541052e+00
2.035492901424034162e+00
2.011926613809947639e+00
2.005159634101847832e+00
2.002356641963586092e+00
2.001086822778122887e+00
2.000502114662235709e+00
2.000232003088341592e+00
2.000107186153240235e+00
2.000049494800460792e+00
2.000022808552550657e+00
2.000010500566057559e+00
2.000004826449659046e+00
2.000002225450395965e+00
2.000001020273402652e+00
2.000000473880447771e+00
2.000000257137320325e+00
2.000000134438995048e+00
2.000000071669547186e+00
2.000000037365265992e+00
2.000000017604656399e+00
2.000000008235982563e+00
2.000000003849386143e+00
2.000000017363245508e+00
2.000000002017713108e+00
2.900000000560638558e+00
2.982253586601551376e+00
2.994036737087052646e+00
2.997420236568121066e+00
2.998821722019401559e+00
2.999456531266390780e+00
2.999748967950584877e+00
2.999884034864550575e+00
2.999946462101575673e+00
2.999975388724255954e+00
2.999988676149176747e+00
2.999994783958665590e+00
2.999997603955766312e+00
2.999998900821940317e+00
2.999999476672853937e+00
2.999999710695677280e+00
2.999999858550238319e+00
2.999999919822526895e+00
2.999999959517649639e+00
2.999999980952292589e+00
2.999999991090911422e+00
2.999999995836331479e+00
2.999999998054319494e+00
2.999999999091620850e+00
2.999999999574434639e+00
2.099999997974524746e+00
