5.000000000000000000e-01
5.000000000000000000e-01
5.000000000000000000e-01
5.000000000000000000e-01
5.000000000000000000e-01
7.753354818436771767e-01
1.060672761038185197e+00
1.270563722121806016e+00
1.399150543211427067e+00
1.466993500900545477e+00
1.497225423808598022e+00
1.507411454781703020e+00
1.508545408413407118e+00
1.506545976400748943e+00
1.504120492556421107e+00
1.502230044512454121e+00
1.501026858995256452e+00
1.500369146821015409e+00
1.500062529203052719e+00
1.499949744337477409e+00
1.499928425828453538e+00
1.499941482592548558e+00
1.499961657403303894e+00
1.499978503551193665e+00
1.499989681360382798e+00
1.637663736130230419e+00
1.780335439460902780e+00
1.885282128157739212e+00
1.949575841919056973e+00
1.983497265802150800e+00
1.998613079760395150e+00
2.003705912668213074e+00
2.004272797172835130e+00
2.003273066845773442e+00
2.002060298745803824e+00
2.001115052556680762e+00
2.000513444823937448e+00
2.000184576755793309e+00
2.000031251948283462e+00
1.999974857286555663e+00
1.999964181634189986e+00
1.999970745341741241e+00
1.999980840496357049e+00
1.999989265266057137e+00
1.999994848679903736e+00
1.999997998565762769e+00
1.999999531609426340e+00
2.000000133326539586e+00
2.000000282212178959e+00
2.000000241350853969e+00
1.724664676469650271e+00
1.439327334938366620e+00
1.229436335194569407e+00
1.100849481879899727e+00
1.033006503931917175e+00
1.002774616340287528e+00
9.925885325512658897e-01
9.914545867334646490e-01
9.934540088060145324e-01
9.958794969262018126e-01
9.977699458056222825e-01
9.989731353828269489e-01
9.996308413359590306e-01
9.999374702729122433e-01
1.000050261882604374e+00
1.000071583388635110e+00
1.000058527793173946e+00
1.000038346477033269e+00
1.000021498507621898e+00
1.000010323310270177e+00
1.000003988248356235e+00
1.000000914611365310e+00
9.999997089134533557e-01
9.999994176765757414e-01
9.999994898438658852e-01
1.137667391899109148e+00
1.280336170920485461e+00
1.385281746785312018e+00
1.449575217919830017e+00
1.483496731931019053e+00
1.498612721681158666e+00
1.503705741001072349e+00
1.504272678123850460e+00
1.503273016618916103e+00
1.502060282899530863e+00
1.501115052467830280e+00
1.500513455613292857e+00
1.500184595841852264e+00
1.500031266426913312e+00
1.499974856835607717e+00
1.499964180103078970e+00
1.499970735421967793e+00
1.499980829463667842e+00
1.499989257209775939e+00
1.499994845542374389e+00
1.499998001600812314e+00
1.499999533544128960e+00
1.500000135593156925e+00
1.500000282610893354e+00
1.500000249332351432e+00
1.362332435942414710e+00
