5.000000000000000000e-01
5.000000000000000000e-01
5.000000000000000000e-01
5.000000000000000000e-01
5.000000000000000000e-01
1.050671006604152913e+00
1.298103446376410952e+00
1.409282007732404640e+00
1.459237745805541442e+00
1.481684353102745266e+00
1.491770242464560692e+00
1.496302125655839532e+00
1.498338434070066949e+00
1.499253398431423800e+00
1.499664512319378584e+00
1.499849241001422140e+00
1.499932250626777375e+00
1.499969550430616749e+00
1.499986313276494343e+00
1.499993861797957573e+00
1.499997254035095429e+00
1.499998774055880446e+00
1.499999454156821344e+00
1.499999756937354212e+00
1.499999892805777391e+00
1.775335446533456540e+00
1.899051681141262993e+00
1.954640966233330390e+00
1.979618869967135319e+00
1.990842168950396562e+00
1.995885084177848157e+00
1.998151030709858222e+00
1.999169182801280975e+00
1.999626664493691530e+00
1.999832230121330268e+00
1.999924604972492137e+00
1.999966113758516961e+00
1.999984769967884768e+00
1.999993172250509543e+00
1.999996945074909105e+00
1.999998636873026925e+00
1.999999393046333340e+00
1.999999729842037999e+00
1.999999881011094383e+00
1.999999947368307884e+00
1.999999983276290694e+00
1.999999992552251804e+00
1.999999996691516291e+00
1.999999999558434327e+00
2.000000001931026450e+00
1.449328990052509036e+00
1.201896549359221522e+00
1.090717988879285283e+00
1.040762242187985409e+00
1.018315671238358089e+00
1.008229756126027610e+00
1.003697872960240156e+00
1.001661572677719603e+00
1.000746623371586930e+00
1.000335503455136887e+00
1.000150769052026822e+00
1.000067755240107159e+00
1.000030452408035675e+00
1.000013688524424627e+00
1.000006143819968996e+00
1.000002749279384373e+00
1.000001235213418882e+00
1.000000550116636910e+00
1.000000244998893839e+00
1.000000109112346935e+00
1.000000048594162694e+00
1.000000016880438158e+00
1.000000007516991696e+00
1.000000003347113253e+00
1.000000000971327019e+00
1.275335493417841359e+00
1.399051707177236814e+00
1.454640982482140688e+00
1.479618866501449803e+00
1.490842171381818071e+00
1.495885114825552975e+00
1.498151047570855710e+00
1.499169190778288474e+00
1.499626651600810323e+00
1.499832217921896804e+00
1.499924596435324275e+00
1.499966108757973648e+00
1.499984765486187532e+00
1.499993165715383103e+00
1.499996941928746441e+00
1.499998634115554230e+00
1.499999391722962594e+00
1.499999729091222811e+00
1.499999879344997122e+00
1.499999946263644635e+00
1.499999976067300400e+00
1.499999989340596418e+00
1.499999995252974117e+00
1.499999998473226404e+00
1.500000000475546713e+00
1.224664503905717350e+00
