3.000000000000000000e+00 6.000000000000000000e+00
5.607766151428222656e+00 6.939860820770263672e+00
5.330787658691406250e+00 7.110351562500000000e+00
4.934105873107910156e+00 7.018774509429931641e+00
4.927781105041503906e+00 7.042346954345703125e+00
4.922327518463134766e+00 7.037515163421630859e+00
4.923769950866699219e+00 7.004918575286865234e+00
4.933476448059082031e+00 6.996383190155029297e+00
4.943682670593261719e+00 6.994544506072998047e+00
4.952977180480957031e+00 6.993632793426513672e+00
4.961326122283935547e+00 6.992558479309082031e+00
4.968212604522705078e+00 6.991136074066162109e+00
4.972115993499755859e+00 6.990203380584716797e+00
4.973051071166992188e+00 6.989743709564208984e+00
4.971058368682861328e+00 6.989317417144775391e+00
4.966687679290771484e+00 6.988760471343994141e+00
4.960377693176269531e+00 6.987933158874511719e+00
4.952885627746582031e+00 6.986922740936279297e+00
4.944876194000244141e+00 6.985792160034179688e+00
4.936930656433105469e+00 6.984570980072021484e+00
4.929741382598876953e+00 6.983351707458496094e+00
4.924550056457519531e+00 6.982441902160644531e+00
4.921541213989257812e+00 6.981597900390625000e+00
4.920433521270751953e+00 6.981257915496826172e+00
4.920898914337158203e+00 6.981591224670410156e+00
4.922995090484619141e+00 6.983363628387451172e+00
4.926627635955810547e+00 6.987044811248779297e+00
4.931115150451660156e+00 6.991792201995849609e+00
4.935377597808837891e+00 6.996782779693603516e+00
4.939434528350830078e+00 7.001278400421142578e+00
4.943403720855712891e+00 7.005200386047363281e+00
