1.332999999999999963e+00 4.000000000000000000e+00
2.851021832246390719e+00 4.282702834524937607e+00
3.446206774474484646e+00 4.489135729396920738e+00
3.493857976143645683e+00 4.574882823220967509e+00
3.496104038774756617e+00 4.629032277060755263e+00
3.482430487257085705e+00 4.657296736214431299e+00
3.471355329664110201e+00 4.663003769521508524e+00
3.470326002031683288e+00 4.663568483606161941e+00
3.475876620039468179e+00 4.663325378905868845e+00
3.484617074483251198e+00 4.662917723420043181e+00
3.494584224321457544e+00 4.662370852230771412e+00
3.504394227032121556e+00 4.661642874895794542e+00
3.512336621835229877e+00 4.660962806520628554e+00
3.517432208354777767e+00 4.660451314193768901e+00
3.519165316867222337e+00 4.660042391919716920e+00
3.517607162003062449e+00 4.659650431257754910e+00
3.513086898458008367e+00 4.659186465584870263e+00
3.506255601965337476e+00 4.658627908954872332e+00
3.497872031968979556e+00 4.657981296959688322e+00
3.488699232185082710e+00 4.657259107679940335e+00
3.479564736172349626e+00 4.656496014386135585e+00
3.471645405173648502e+00 4.655803557525738157e+00
3.465686845815462824e+00 4.655169660181918800e+00
3.461907934994200353e+00 4.654719506354221714e+00
3.460194766301364133e+00 4.654572712777409471e+00
3.460451703817083224e+00 4.655025257427158891e+00
3.462479215764932672e+00 4.656380892615198164e+00
3.465736763110838226e+00 4.658552859117815359e+00
3.469341578484216537e+00 4.661245982825303003e+00
3.472925755029738326e+00 4.664076246439269546e+00
3.476446796797878047e+00 4.666809230446834711e+00
