1.332999999999999963e+00 4.000000000000000000e+00
3.033252083568871882e+00 4.607366948871901791e+00
3.541131897349036439e+00 4.679802245863964316e+00
3.579502852844645311e+00 4.661193799958697426e+00
3.562307915378130740e+00 4.663551359228098825e+00
3.570523248007360539e+00 4.666047006909326278e+00
3.566543804954895425e+00 4.667590711112927337e+00
3.566932563613723239e+00 4.669018850907831641e+00
3.564955670242393904e+00 4.669354557669079142e+00
3.563459768718967524e+00 4.669042982341617076e+00
3.561298830126762294e+00 4.668262987982261691e+00
3.559180754938461533e+00 4.667012067375905460e+00
3.557029020905256633e+00 4.665486344791505147e+00
3.555447255773972692e+00 4.663812965043780068e+00
3.554350365951133295e+00 4.662047648724571225e+00
3.553777640141729144e+00 4.660518160978072366e+00
3.553626239615359950e+00 4.659537916247035838e+00
3.554139311259691514e+00 4.658974272941914130e+00
3.554995473862003763e+00 4.658816393760915275e+00
3.556325372591791378e+00 4.658872590708760697e+00
3.557850469568182294e+00 4.658957217536165096e+00
3.559649767059762659e+00 4.658815059870242692e+00
3.561378173884744758e+00 4.658561634480970604e+00
3.562912861229762029e+00 4.658469875915237424e+00
3.563783663342863672e+00 4.658710523406160320e+00
3.563956487868830791e+00 4.659435661883567725e+00
3.563539807065536191e+00 4.660488661752549611e+00
3.562758222335358216e+00 4.661620195140924849e+00
3.561882956120074439e+00 4.662535791580912026e+00
3.561450660331951124e+00 4.662888260308234223e+00
3.561364598773795631e+00 4.662698489191118512e+00
