1.332999999999999963e+00 4.000000000000000000e+00
3.023541072669476915e+00 4.326412939154215209e+00
3.540227434020486896e+00 4.571949129359990316e+00
3.692020879163744329e+00 4.687628059425530402e+00
3.755371019648750419e+00 4.730029133000635433e+00
3.777550938988147422e+00 4.746485142486531750e+00
3.782919017422281094e+00 4.753364100160811567e+00
3.782141247317643007e+00 4.756543974961684462e+00
3.779694070985493148e+00 4.758227692659765751e+00
3.777239539535050206e+00 4.759274951821685917e+00
3.775350080364443084e+00 4.760030270972873012e+00
3.774173299199683029e+00 4.760594987234048503e+00
3.773671556947400862e+00 4.760983660232470882e+00
3.773769657999014537e+00 4.761196412963623281e+00
3.774422898899939760e+00 4.761304572465485663e+00
3.775610071150577784e+00 4.761369384215210943e+00
3.777302208305336251e+00 4.761468349032314862e+00
3.779459673210426640e+00 4.761617611771439940e+00
3.782034504332448144e+00 4.761811690268676678e+00
3.784948263963805015e+00 4.762009137001562920e+00
3.788019790196422765e+00 4.762123809962753640e+00
3.791183481795460608e+00 4.762105278006948161e+00
3.794436208268736177e+00 4.762016652941012396e+00
3.797793144877754212e+00 4.761924125262400942e+00
3.801268853456159835e+00 4.761898444006961384e+00
3.804821061493782519e+00 4.761965816165170118e+00
3.808443844374381992e+00 4.762125851582767133e+00
3.811736364371906660e+00 4.762432981640791319e+00
3.813988650829833293e+00 4.762960823749830652e+00
3.814434147732818747e+00 4.763773010318832490e+00
3.812897810606835414e+00 4.764820111930436752e+00
