2.950000000000000000e+02 1.000000000000000056e-01
3.008853207267583798e+02 1.000000000000000056e-01
2.999072680296180806e+02 1.000000000000000056e-01
2.999402328552891959e+02 1.000000000000000056e-01
2.999812952800102721e+02 1.000000000000000056e-01
2.999957293072778839e+02 1.000000000000000056e-01
3.000000121547953995e+02 1.000000000000000056e-01
3.000012251644977823e+02 1.000000000000000056e-01
3.000015623570818661e+02 1.000000000000000056e-01
3.000016574195203134e+02 1.000000000000000056e-01
3.000016837154753944e+02 1.000000000000000056e-01
3.000016909722814376e+02 1.000000000000000056e-01
3.000016929019723761e+02 1.000000000000000056e-01
3.000016934618726623e+02 1.000000000000000056e-01
3.000016936389340003e+02 1.000000000000000056e-01
3.000016936855922722e+02 1.000000000000000056e-01
3.000016937010268521e+02 1.000000000000000056e-01
3.000016937063098794e+02 1.000000000000000056e-01
3.000016937089018256e+02 1.000000000000000056e-01
3.000016937099325673e+02 1.000000000000000056e-01
3.000016937102790848e+02 1.000000000000000056e-01
3.040308942119768858e+02 1.000000000000000056e-01
2.991927643355482473e+02 1.000000000000000056e-01
3.000188231891835926e+02 1.000000000000000056e-01
3.000286384408120171e+02 1.000000000000000056e-01
3.000113393928168080e+02 1.000000000000000056e-01
3.000045701665204660e+02 1.000000000000000056e-01
3.000025095547954948e+02 1.000000000000000056e-01
3.000019227687112675e+02 1.000000000000000056e-01
3.000017577183517119e+02 1.000000000000000056e-01
3.000017117858122333e+02 1.000000000000000056e-01
3.000016985342280691e+02 1.000000000000000056e-01
3.000016950774543147e+02 1.000000000000000056e-01
3.000016941195115123e+02 1.000000000000000056e-01
3.000016938274612244e+02 1.000000000000000056e-01
3.000016937508353294e+02 1.000000000000000056e-01
3.000016937257852305e+02 1.000000000000000056e-01
3.000016937172312623e+02 1.000000000000000056e-01
3.000016937130272936e+02 1.000000000000000056e-01
3.000016937113487074e+02 1.000000000000000056e-01
