3.000000000000000000e+00 6.000000000000000000e+00
4.593344092369079590e+00 6.750515699386596680e+00
5.674270510673522949e+00 7.721032142639160156e+00
5.958485901355743408e+00 7.869536548852920532e+00
5.599132508039474487e+00 7.471168845891952515e+00
5.165068209171295166e+00 7.084885776042938232e+00
4.890702128410339355e+00 6.769004106521606445e+00
4.775464251637458801e+00 6.736512951552867889e+00
4.882691800594329834e+00 6.887558214366436005e+00
5.002523623406887054e+00 7.058955885469913483e+00
5.060600742697715759e+00 7.098023667931556702e+00
5.034513767808675766e+00 7.053158119320869446e+00
4.999097850173711777e+00 6.997722998261451721e+00
4.984647046774625778e+00 6.959494736045598984e+00
4.988860168028622866e+00 6.960900941863656044e+00
4.991703755687922239e+00 6.980979649350047112e+00
4.989610850811004639e+00 6.998136626556515694e+00
4.989490307882078923e+00 7.003473122604191303e+00
4.993161288803094067e+00 6.998623954597860575e+00
4.995820005206041969e+00 6.989552772138267756e+00
4.994014610783779062e+00 6.981891730800271034e+00
4.989644178436719812e+00 6.978671867400407791e+00
4.986795830089249648e+00 6.979604572639800608e+00
4.987114923496847041e+00 6.982104133465327322e+00
4.989192137451027520e+00 6.983496575499884784e+00
4.990943194788997062e+00 6.982848282845225185e+00
4.991601788744446822e+00 6.981069880246650428e+00
4.991653890647285152e+00 6.979534846788737923e+00
4.991774858259304892e+00 6.978964576381258667e+00
4.992188924217771273e+00 6.979074722257792018e+00
4.992708021010912489e+00 6.979255311744054779e+00
4.993000225273135584e+00 6.979158525224192999e+00
4.992965647132223239e+00 6.978892714148969389e+00
4.992748321175895398e+00 6.978774305811384693e+00
4.992420421182032442e+00 6.979077287804102525e+00
4.991993346509843832e+00 6.979914986965013668e+00
4.991580129917565500e+00 6.981313413678435609e+00
4.991206028873421019e+00 6.983096463343827054e+00
4.990866170668596169e+00 6.985101940314052626e+00
4.990514108441857388e+00 6.987220114533556625e+00
4.990127468070568284e+00 6.989282892754999921e+00
4.989663490672683110e+00 6.991228134458651766e+00
4.989215539473661920e+00 6.993000576127087697e+00
4.988843360679311445e+00 6.994715534703573212e+00
4.988801093539223075e+00 6.996499857021262869e+00
4.989102596126031131e+00 6.998258779378375039e+00
4.989801669144071639e+00 6.999749912618426606e+00
4.990715765859931707e+00 7.000674835959216580e+00
4.991618530242703855e+00 7.000775135194999166e+00
4.992458665044978261e+00 6.999879520575632341e+00
4.993217953597195446e+00 6.998006214460474439e+00
4.993825585639569908e+00 6.995267832258832641e+00
4.994286456145346165e+00 6.992038731070351787e+00
4.994559884973568842e+00 6.988554917348665185e+00
4.994740241163526662e+00 6.985087781518814154e+00
4.994850725808646530e+00 6.982069613950443454e+00
4.994834900777277653e+00 6.979602265710127540e+00
4.994683914776032907e+00 6.977632123584044166e+00
4.994403244012573850e+00 6.976074520338443108e+00
4.994049348943008226e+00 6.975052001027506776e+00
4.993858889780312893e+00 6.975006713611946907e+00
4.993701645291366731e+00 6.975252542230009567e+00
4.993458547776754131e+00 6.975221073775173863e+00
4.992931113783924957e+00 6.974814814861019840e+00
4.991925509153588791e+00 6.974158646011346718e+00
4.990313099553532084e+00 6.973368548377038678e+00
4.988225872019029339e+00 6.972448417389387032e+00
4.986433106330878218e+00 6.972810979375935858e+00
4.984964172561376472e+00 6.974038549375109142e+00
4.983900878085478325e+00 6.975499542804755038e+00
4.983277935158184846e+00 6.976835089179076022e+00
4.983144741143405554e+00 6.978015503987990087e+00
4.983352925237340969e+00 6.979299544265813893e+00
4.983839813170561683e+00 6.980933059498056537e+00
4.984594586670937133e+00 6.982934050753101474e+00
4.985669906383918715e+00 6.985188522867247229e+00
4.987144718777926755e+00 6.987429486380278831e+00
4.988922195874692989e+00 6.989378794703952735e+00
4.990862349064627779e+00 6.990906366172566777e+00
4.992666290623674286e+00 6.991908654363214737e+00
4.994041950574683142e+00 6.992449545501585817e+00
4.994896993988731992e+00 6.992709345355251571e+00
4.995360993738358957e+00 6.992876006213919027e+00
4.995549418892551330e+00 6.992892471762388595e+00
4.995513097319417284e+00 6.992671529014842235e+00
4.995307260158369900e+00 6.992192027633791440e+00
4.995018051000442938e+00 6.991532899972298765e+00
4.994583644956946955e+00 6.990764438824044191e+00
4.993895233719740645e+00 6.989964139715084457e+00
4.993084759678822593e+00 6.989249509942965233e+00
4.992280141794253723e+00 6.988734787106295698e+00
4.991520830773879425e+00 6.988361886769780540e+00
4.990994916699492023e+00 6.988145967576201656e+00
4.990756066015819670e+00 6.988021989463959471e+00
4.990667553132880130e+00 6.987971601660319720e+00
4.990550988813993172e+00 6.987874202563034487e+00
4.990345822205199511e+00 6.987685755057100323e+00
4.990022548992783413e+00 6.987416397039851290e+00
4.989604392665569321e+00 6.987025325435752166e+00
4.989099221007563756e+00 6.986424809629170340e+00
4.988675432041418389e+00 6.985662254230192048e+00
