1.332999999999999963e+00 4.000000000000000000e+00
2.251019717884886973e+00 4.225749295123922167e+00
3.302969606931902558e+00 4.641566944581938081e+00
3.951943533629711069e+00 4.914441474829263967e+00
4.053606991347614930e+00 4.944372317602478084e+00
3.862632351671102526e+00 4.844607773742040102e+00
3.631783593860641979e+00 4.694841082866423321e+00
3.470403616920473944e+00 4.602874295087801215e+00
3.458348312555166615e+00 4.597835058781611473e+00
3.515641425243387186e+00 4.646624551846468165e+00
3.569195712650227392e+00 4.685152077886230337e+00
3.576866343660593639e+00 4.692801215414155180e+00
3.561094659471918611e+00 4.680324723454280189e+00
3.548555640256631616e+00 4.661978724239423499e+00
3.548159819203889231e+00 4.652333193464698091e+00
3.550682809015619945e+00 4.653079109129531155e+00
3.549715140533777458e+00 4.658649154719276986e+00
3.547599675709227629e+00 4.663311239145968123e+00
3.547886336572338095e+00 4.664411249877872478e+00
3.549893133188454453e+00 4.662286452087972322e+00
3.550789882525350993e+00 4.658815942218250683e+00
3.549589158386360577e+00 4.655942773285635994e+00
3.547796883731866302e+00 4.654646494899043141e+00
3.547154371455075061e+00 4.654686916296592258e+00
3.547966984148973602e+00 4.655127926380311365e+00
3.549404666468935599e+00 4.655174966717853025e+00
3.550675925359349172e+00 4.654665895123037522e+00
3.551599926445903055e+00 4.653924791092582502e+00
3.552373380248018631e+00 4.653346521904686561e+00
3.553167877583712553e+00 4.653062291152551211e+00
3.553968789016167307e+00 4.652960593756613861e+00
3.554611706528681747e+00 4.652875666513843100e+00
3.554976797349349571e+00 4.652749126548541447e+00
3.555080667771475689e+00 4.652644038184198472e+00
3.554947058778791913e+00 4.652677487592074002e+00
3.554564051915127809e+00 4.652947799032391529e+00
3.553970161660636062e+00 4.653516786530899729e+00
3.553197662110455290e+00 4.654365378048998636e+00
3.552274309021310916e+00 4.655434321750677285e+00
3.551206348748107366e+00 4.656658097531446217e+00
3.550007237209595878e+00 4.657950183614047113e+00
3.548680996277375321e+00 4.659244403421664238e+00
3.547303520358490392e+00 4.660487818674162952e+00
3.545957775506437759e+00 4.661686065432247617e+00
3.544834067212321305e+00 4.662880395873250983e+00
3.544041259126222254e+00 4.664064937540555178e+00
3.543685879156991625e+00 4.665163550193422104e+00
3.543749458828105325e+00 4.666044695538808185e+00
3.544128568181467820e+00 4.666558455265700012e+00
3.544777776843627937e+00 4.666571038821730077e+00
3.545689622255092210e+00 4.666014511606956461e+00
3.546826149367919623e+00 4.664885406230730780e+00
3.548149953880870289e+00 4.663294453214240853e+00
3.549578959891783736e+00 4.661373416862698349e+00
3.551081270066445139e+00 4.659276244486420637e+00
3.552596121683360586e+00 4.657217452351331666e+00
3.554003605252006537e+00 4.655345403834633800e+00
3.555202922133060550e+00 4.653725395499255235e+00
3.556132298719514306e+00 4.652367795838587838e+00
3.556782882664274670e+00 4.651315157626007668e+00
3.557258885896745326e+00 4.650723826249884674e+00
3.557542015123484891e+00 4.650473229788699037e+00
3.557607870491285684e+00 4.650326218237981202e+00
3.557381014747779790e+00 4.650123343198379722e+00
3.556731669436927756e+00 4.649814637173594889e+00
3.555515892906091935e+00 4.649407561892518359e+00
3.553732243901980059e+00 4.648907387190076790e+00
3.551765024525993741e+00 4.648741928709355875e+00
3.549771526134243071e+00 4.649020341216846930e+00
3.547897542412748795e+00 4.649612550065673311e+00
3.546291904858212884e+00 4.650339282578782374e+00
3.545107059126077598e+00 4.651093179575714665e+00
3.544346945904389479e+00 4.651893170358736285e+00
3.543958553560980551e+00 4.652823561807974961e+00
3.543886792023850152e+00 4.653936048790907165e+00
3.544127932384155688e+00 4.655224718091094616e+00
3.544743176756998793e+00 4.656606016438201046e+00
3.545741320946449449e+00 4.657950451905085387e+00
3.547078379676012361e+00 4.659147782474303945e+00
3.548580244473357403e+00 4.660106376474313805e+00
3.549992311452784488e+00 4.660795162050112239e+00
3.551116335298028837e+00 4.661251315987834154e+00
3.551903196144363228e+00 4.661551795305933332e+00
3.552381556165352450e+00 4.661721662105726693e+00
3.552596942295994431e+00 4.661748440311647812e+00
3.552611469672754207e+00 4.661618920244291253e+00
3.552509616441475782e+00 4.661349588848001879e+00
3.552293159263729905e+00 4.660970637366735225e+00
3.551886793386382468e+00 4.660521945763579588e+00
3.551313433665501229e+00 4.660060743845640729e+00
3.550643859081408227e+00 4.659652802888200718e+00
3.549929357600990709e+00 4.659316750093994486e+00
3.549306310537891473e+00 4.659067367800687975e+00
3.548882132595946981e+00 4.658893207434660511e+00
3.548637032103346023e+00 4.658782464295378567e+00
3.548461974612330039e+00 4.658692388391410866e+00
3.548272462240851244e+00 4.658586271724476369e+00
3.548011878304519140e+00 4.658447016332991630e+00
3.547669083533381507e+00 4.658252966256909211e+00
3.547252191083511530e+00 4.657965845581125919e+00
3.546872798012069339e+00 4.657578908709794518e+00
