2.950000000000000000e+02 1.000000000000000056e-01
2.990773315429687500e+02 1.000000000000000056e-01
3.008684082031250000e+02 1.000000000000000056e-01
2.994108276367187500e+02 1.000000000000000056e-01
2.998488769531250000e+02 1.000000000000000056e-01
3.002114257812500000e+02 1.000000000000000056e-01
3.001194458007812500e+02 1.000000000000000056e-01
3.001249084472656250e+02 1.000000000000000056e-01
3.001693115234375000e+02 1.000000000000000056e-01
3.001572265625000000e+02 1.000000000000000056e-01
3.001356811523437500e+02 1.000000000000000056e-01
3.001195678710937500e+02 1.000000000000000056e-01
3.000958862304687500e+02 1.000000000000000056e-01
3.000682983398437500e+02 1.000000000000000056e-01
3.000409240722656250e+02 1.000000000000000056e-01
3.000157470703125000e+02 1.000000000000000056e-01
2.999967651367187500e+02 1.000000000000000056e-01
2.999845581054687500e+02 1.000000000000000056e-01
2.999779052734375000e+02 1.000000000000000056e-01
2.999771423339843750e+02 1.000000000000000056e-01
2.999826660156250000e+02 1.000000000000000056e-01
3.021928710937500000e+02 1.000000000000000056e-01
3.003533630371093750e+02 1.000000000000000056e-01
2.995031127929687500e+02 1.000000000000000056e-01
3.001794128417968750e+02 1.000000000000000056e-01
3.001913757324218750e+02 1.000000000000000056e-01
3.000709228515625000e+02 1.000000000000000056e-01
3.001413879394531250e+02 1.000000000000000056e-01
3.001841125488281250e+02 1.000000000000000056e-01
3.001796875000000000e+02 1.000000000000000056e-01
3.001817016601562500e+02 1.000000000000000056e-01
3.001754455566406250e+02 1.000000000000000056e-01
3.001562805175781250e+02 1.000000000000000056e-01
3.001322021484375000e+02 1.000000000000000056e-01
3.001091003417968750e+02 1.000000000000000056e-01
3.000888671875000000e+02 1.000000000000000056e-01
3.000736999511718750e+02 1.000000000000000056e-01
3.000638732910156250e+02 1.000000000000000056e-01
3.000584716796875000e+02 1.000000000000000056e-01
3.000579223632812500e+02 1.000000000000000056e-01
