2.000000000000000000e+00
5.234608650207519531e+00
4.524295806884765625e+00
4.137398719787597656e+00
4.145101070404052734e+00
4.144713401794433594e+00
4.137070655822753906e+00
4.091040611267089844e+00
4.075452804565429688e+00
4.069195270538330078e+00
4.066171646118164062e+00
4.064980983734130859e+00
4.065104484558105469e+00
4.066415786743164062e+00
4.068899631500244141e+00
4.072930812835693359e+00
4.078012466430664062e+00
4.083034992218017578e+00
4.087086200714111328e+00
4.089546680450439453e+00
4.090535163879394531e+00
4.089018821716308594e+00
4.087849140167236328e+00
4.085689544677734375e+00
4.082992553710937500e+00
4.079716682434082031e+00
4.076533317565917969e+00
4.072666168212890625e+00
4.068493843078613281e+00
4.065459251403808594e+00
4.063232421875000000e+00
4.061473369598388672e+00
4.060926437377929688e+00
4.062491416931152344e+00
4.065157890319824219e+00
4.068198204040527344e+00
4.071137428283691406e+00
4.073685646057128906e+00
4.076151847839355469e+00
4.077801704406738281e+00
4.078232288360595703e+00
4.077796936035156250e+00
4.076348304748535156e+00
4.073466300964355469e+00
4.069802284240722656e+00
4.065691947937011719e+00
4.061625480651855469e+00
4.057824134826660156e+00
4.054553985595703125e+00
4.051551818847656250e+00
4.048786163330078125e+00
