2.000000000000000000e+00
5.134196758270263672e+00
4.479969024658203125e+00
4.217579841613769531e+00
4.126873016357421875e+00
4.068165302276611328e+00
4.033072471618652344e+00
4.014072418212890625e+00
4.004581451416015625e+00
3.997942924499511719e+00
3.991876602172851562e+00
3.985383749008178711e+00
3.978343009948730469e+00
3.971566915512084961e+00
3.968139648437500000e+00
3.968364000320434570e+00
3.971805334091186523e+00
3.976411819458007812e+00
3.981649637222290039e+00
3.987152814865112305e+00
3.992811918258666992e+00
3.998561382293701172e+00
4.000971317291259766e+00
3.999719858169555664e+00
3.995186328887939453e+00
3.988008022308349609e+00
3.980485677719116211e+00
3.975298881530761719e+00
3.973572731018066406e+00
3.975306749343872070e+00
3.978473901748657227e+00
3.982240200042724609e+00
3.984849691390991211e+00
3.985166549682617188e+00
3.983347415924072266e+00
3.979568481445312500e+00
3.974951982498168945e+00
3.971544742584228516e+00
3.970385313034057617e+00
3.971179008483886719e+00
3.973480463027954102e+00
3.976641178131103516e+00
3.979928016662597656e+00
3.982400417327880859e+00
3.982180833816528320e+00
3.979179143905639648e+00
3.974562644958496094e+00
3.971240997314453125e+00
3.971261739730834961e+00
3.974282264709472656e+00
3.979565858840942383e+00
