2.000000000000000000e+00 6.666666666666666297e-01
3.033281826923092339e+00 1.138037682609703616e+00
3.510225566013101872e+00 1.298338254044796303e+00
3.743426093580615621e+00 1.346850823651855489e+00
3.869840834289460130e+00 1.359833098393169459e+00
3.935224379260602756e+00 1.358128512437883240e+00
3.967482903840259922e+00 1.351915194899796724e+00
3.982842517723979903e+00 1.345647720063931629e+00
3.990009399701528459e+00 1.340780652106670967e+00
3.992624919552489438e+00 1.337111140901495299e+00
3.992378214914924506e+00 1.334184924171146092e+00
3.990072286723315376e+00 1.331602485198969177e+00
3.986205392138809867e+00 1.329126313813108640e+00
3.981379397244584339e+00 1.326748264734686655e+00
3.977014538121498965e+00 1.324927717533178395e+00
3.974162654811629114e+00 1.323962325650233751e+00
3.973385526062899409e+00 1.323950048524261236e+00
3.974383222131803617e+00 1.324636082618314781e+00
3.976778794531794503e+00 1.325800334191382657e+00
3.980198878904522619e+00 1.327266947080348869e+00
3.984357119969935024e+00 1.328922948532420323e+00
3.989039952405365685e+00 1.330696477780044518e+00
3.992973453910397375e+00 1.332032254915470615e+00
3.995197574342977287e+00 1.332577130846058555e+00
3.995193867007770461e+00 1.332194382946153777e+00
3.992824858559844259e+00 1.330904742442334809e+00
3.988756906601088392e+00 1.329065641641666407e+00
3.984320098213691264e+00 1.327276248026678429e+00
3.980776941052456053e+00 1.326034602446447108e+00
3.978973560923237063e+00 1.325613956654047021e+00
3.978808836844711205e+00 1.325859392149242533e+00
3.979940071200196439e+00 1.326560515263273787e+00
3.981558650751268580e+00 1.327337756233664345e+00
3.982748080772393617e+00 1.327811974482170365e+00
3.982945658479640993e+00 1.327798666965905205e+00
3.981832291185106509e+00 1.327223049353960294e+00
3.979564022728357742e+00 1.326212844541633240e+00
3.976920263161252578e+00 1.325145997342799919e+00
3.974765857576548989e+00 1.324386124046937230e+00
3.973583372741700259e+00 1.324088453968788270e+00
3.973549446305707722e+00 1.324271187072340039e+00
3.974568707536704437e+00 1.324846817690441547e+00
3.976335532629833747e+00 1.325657054122338252e+00
3.978334966973503750e+00 1.326473560240269745e+00
3.979602842555596265e+00 1.326888652838740024e+00
3.979463161344285016e+00 1.326665057919504287e+00
3.977847590955389201e+00 1.325848060869792233e+00
3.975669570401227482e+00 1.324900122569270922e+00
3.974216431642311420e+00 1.324382994513270351e+00
3.974238134870194727e+00 1.324553421967320510e+00
3.975994542239843721e+00 1.325441562910001592e+00
