2.000000000000000000e+00 6.666666666666666297e-01
2.906619858083509200e+00 1.080255980689035944e+00
3.349505332734722618e+00 1.232040534023230549e+00
3.646380368418514983e+00 1.315341710164209532e+00
3.845381649169184346e+00 1.361058373866351312e+00
3.896356191063270469e+00 1.348549169657971891e+00
3.930525447893662427e+00 1.341683968550412942e+00
3.953429779194848059e+00 1.337916267318893571e+00
3.968782981593047765e+00 1.335848520817106033e+00
3.979074536238512483e+00 1.334713716349774648e+00
3.985973166280216695e+00 1.334090921869766966e+00
3.990597459057196872e+00 1.333749121759828293e+00
3.993697225435016485e+00 1.333561533558869971e+00
3.995775060264452172e+00 1.333458581369951990e+00
3.997167894970422797e+00 1.333402076039991835e+00
3.998101549061031434e+00 1.333371063633510767e+00
3.998727399914496772e+00 1.333354042904904890e+00
3.999146928896854192e+00 1.333344700763348545e+00
3.999428153937977015e+00 1.333339573089988628e+00
3.999616671223567455e+00 1.333336758533486988e+00
3.999743061365450547e+00 1.333335213034458899e+00
3.999827806510037220e+00 1.333334364291037799e+00
3.999884626037138347e+00 1.333333898350360203e+00
3.999922712858938301e+00 1.333333642786528994e+00
3.999948228369873959e+00 1.333333502817982907e+00
3.999965308150777776e+00 1.333333426285148393e+00
3.999976778596860960e+00 1.333333384129205657e+00
3.999984462662148577e+00 1.333333361063414824e+00
3.999989607813708048e+00 1.333333348459859735e+00
3.999993052437111896e+00 1.333333341576679043e+00
3.999995359221827140e+00 1.333333337816444919e+00
3.999996905113924139e+00 1.333333335760758187e+00
3.999997940094442317e+00 1.333333334641247703e+00
3.999998631695790952e+00 1.333333334035206041e+00
3.999999092872182693e+00 1.333333333709038060e+00
3.999999399691753332e+00 1.333333333534438836e+00
3.999999603315557373e+00 1.333333333441391932e+00
3.999999738099939695e+00 1.333333333391931941e+00
3.999999827076659464e+00 1.333333333365662732e+00
3.999999885654992315e+00 1.333333333351682137e+00
3.999999927314480175e+00 1.333333333340305460e+00
3.999999954601261010e+00 1.333333333335423143e+00
3.999999969792211729e+00 1.333333333334459470e+00
3.999999979939839356e+00 1.333333333333937443e+00
3.999999986704592558e+00 1.333333333333658333e+00
3.999999990895494406e+00 1.333333333333455384e+00
3.999999994047081397e+00 1.333333333333358572e+00
3.999999996521093948e+00 1.333333333333330595e+00
3.999999998583147143e+00 1.333333333333335924e+00
4.000000000493029617e+00 1.333333333333323267e+00
3.999999998476878815e+00 1.333333333333471371e+00
