2.000000000000000000e+00 6.666666666666666297e-01
3.066385614641880419e+00 1.153139241555896977e+00
3.547029349513853180e+00 1.313292740954402626e+00
3.741662297560932160e+00 1.342999072559184048e+00
3.874667949694079461e+00 1.360460640874451732e+00
3.963696459234731240e+00 1.369985438103241915e+00
4.020854399408958280e+00 1.374063322872715931e+00
4.043993359489180150e+00 1.369378587214540755e+00
4.054364895329421792e+00 1.364463204833711751e+00
4.059254164595558656e+00 1.360824478299491824e+00
4.061534712298594307e+00 1.358372769653963363e+00
4.062670873050882037e+00 1.356848174744613056e+00
4.063473177879298071e+00 1.356030037743268135e+00
4.064443279499757367e+00 1.355778240547210078e+00
4.065912415272578961e+00 1.356013580218747627e+00
4.068226213844019057e+00 1.356749003963680478e+00
4.071452520381224183e+00 1.357916874992440848e+00
4.075271004245988316e+00 1.359313185873996632e+00
4.079166211176046275e+00 1.360688783095607590e+00
4.082588414694080292e+00 1.361813771523014527e+00
4.085208267339397459e+00 1.362579841525529023e+00
4.086464496938808644e+00 1.362772227305328432e+00
4.086920968431054568e+00 1.362701921450707898e+00
4.086515000284755672e+00 1.362338551468513570e+00
4.085353737542575026e+00 1.361733517575823171e+00
4.083495336503829343e+00 1.360908791324456635e+00
4.081200125075780782e+00 1.359977406745136230e+00
4.078386680237344741e+00 1.358884647958108260e+00
4.075125242392322988e+00 1.357657427688252261e+00
4.071938593388772176e+00 1.356527524837571219e+00
4.069068378985143397e+00 1.355572514981619126e+00
4.066564492649677121e+00 1.354783839462873951e+00
4.064705771989475025e+00 1.354268744705803718e+00
4.063975779178032433e+00 1.354221404557480746e+00
4.064365489299833101e+00 1.354596422352783991e+00
4.065629036781348127e+00 1.355259481159011736e+00
4.067445014301998008e+00 1.356065421680688221e+00
4.069502392618801423e+00 1.356890972717070820e+00
4.071694548845488093e+00 1.357714951513900425e+00
4.073707919084046836e+00 1.358415293670055091e+00
4.075199481267410384e+00 1.358864413911604840e+00
4.076055788681693492e+00 1.359045431409508842e+00
4.076152222597743346e+00 1.358926932763439455e+00
4.075266747461337324e+00 1.358428471439340424e+00
4.073465257240481030e+00 1.357603863599872840e+00
4.070902596592845590e+00 1.356533133448399653e+00
4.067844168056587328e+00 1.355333924816828128e+00
4.064540819467891808e+00 1.354104078402906364e+00
4.061248418703959473e+00 1.352937306944114848e+00
4.058051703765398699e+00 1.351845455068902080e+00
4.054997101082286726e+00 1.350830290105620168e+00
