7.860000000000000000e+02 7.750000000000000000e+02 7.960000000000000000e+02 7.920000000000000000e+02 7.860000000000000000e+02 7.930000000000000000e+02 8.250000000000000000e+02 8.400000000000000000e+02 8.490000000000000000e+02 7.870000000000000000e+02 8.110000000000000000e+02 7.780000000000000000e+02 8.360000000000000000e+02 7.860000000000000000e+02 7.970000000000000000e+02 7.600000000000000000e+02 7.910000000000000000e+02 7.600000000000000000e+02 8.900000000000000000e+02 1.123000000000000000e+03 2.246000000000000000e+03
5.370000000000000000e+02 5.600000000000000000e+02 4.990000000000000000e+02 5.280000000000000000e+02 5.250000000000000000e+02 5.320000000000000000e+02 5.460000000000000000e+02 5.570000000000000000e+02 5.520000000000000000e+02 5.390000000000000000e+02 5.430000000000000000e+02 5.650000000000000000e+02 5.630000000000000000e+02 5.530000000000000000e+02 5.560000000000000000e+02 5.310000000000000000e+02 5.640000000000000000e+02 5.730000000000000000e+02 6.270000000000000000e+02 1.089000000000000000e+03 1.212000000000000000e+03
2.090000000000000000e+02 2.140000000000000000e+02 2.280000000000000000e+02 2.320000000000000000e+02 2.110000000000000000e+02 2.440000000000000000e+02 2.140000000000000000e+02 2.080000000000000000e+02 2.080000000000000000e+02 2.150000000000000000e+02 2.310000000000000000e+02 2.150000000000000000e+02 1.970000000000000000e+02 2.320000000000000000e+02 2.290000000000000000e+02 2.170000000000000000e+02 2.140000000000000000e+02 2.170000000000000000e+02 2.100000000000000000e+02 2.310000000000000000e+02 6.990000000000000000e+02
6.400000000000000000e+01 4.900000000000000000e+01 5.500000000000000000e+01 3.400000000000000000e+01 4.500000000000000000e+01 4.600000000000000000e+01 5.100000000000000000e+01 4.900000000000000000e+01 4.400000000000000000e+01 4.000000000000000000e+01 5.600000000000000000e+01 4.900000000000000000e+01 4.300000000000000000e+01 5.100000000000000000e+01 4.900000000000000000e+01 4.000000000000000000e+01 5.200000000000000000e+01 5.300000000000000000e+01 5.500000000000000000e+01 1.430000000000000000e+02 3.800000000000000000e+01
5.100000000000000000e+01 4.900000000000000000e+01 3.500000000000000000e+01 3.300000000000000000e+01 4.900000000000000000e+01 4.200000000000000000e+01 4.300000000000000000e+01 4.600000000000000000e+01 5.200000000000000000e+01 3.100000000000000000e+01 4.400000000000000000e+01 4.900000000000000000e+01 5.500000000000000000e+01 3.200000000000000000e+01 4.400000000000000000e+01 5.000000000000000000e+01 4.500000000000000000e+01 5.100000000000000000e+01 4.900000000000000000e+01 4.100000000000000000e+01 1.380000000000000000e+02
4.100000000000000000e+01 2.600000000000000000e+01 4.300000000000000000e+01 3.200000000000000000e+01 3.400000000000000000e+01 4.400000000000000000e+01 4.700000000000000000e+01 4.600000000000000000e+01 3.400000000000000000e+01 2.600000000000000000e+01 3.800000000000000000e+01 3.900000000000000000e+01 3.800000000000000000e+01 3.900000000000000000e+01 4.300000000000000000e+01 2.800000000000000000e+01 3.900000000000000000e+01 4.700000000000000000e+01 4.000000000000000000e+01 3.900000000000000000e+01 1.160000000000000000e+02
4.500000000000000000e+01 5.100000000000000000e+01 5.700000000000000000e+01 5.800000000000000000e+01 4.400000000000000000e+01 5.700000000000000000e+01 5.700000000000000000e+01 4.800000000000000000e+01 4.300000000000000000e+01 4.700000000000000000e+01 5.600000000000000000e+01 6.600000000000000000e+01 5.700000000000000000e+01 4.700000000000000000e+01 4.000000000000000000e+01 5.000000000000000000e+01 4.600000000000000000e+01 5.400000000000000000e+01 5.000000000000000000e+01 4.500000000000000000e+01 1.420000000000000000e+02
5.100000000000000000e+01 2.700000000000000000e+01 3.600000000000000000e+01 5.000000000000000000e+01 4.300000000000000000e+01 3.700000000000000000e+01 4.200000000000000000e+01 3.900000000000000000e+01 5.100000000000000000e+01 5.100000000000000000e+01 5.500000000000000000e+01 3.500000000000000000e+01 4.400000000000000000e+01 5.100000000000000000e+01 3.600000000000000000e+01 5.400000000000000000e+01 4.900000000000000000e+01 3.500000000000000000e+01 4.300000000000000000e+01 5.100000000000000000e+01 1.250000000000000000e+02
4.700000000000000000e+01 4.100000000000000000e+01 3.700000000000000000e+01 4.200000000000000000e+01 3.500000000000000000e+01 3.500000000000000000e+01 5.000000000000000000e+01 3.600000000000000000e+01 4.800000000000000000e+01 4.300000000000000000e+01 2.700000000000000000e+01 2.900000000000000000e+01 4.100000000000000000e+01 5.300000000000000000e+01 4.200000000000000000e+01 4.700000000000000000e+01 4.400000000000000000e+01 4.100000000000000000e+01 3.900000000000000000e+01 3.700000000000000000e+01 1.210000000000000000e+02
5.700000000000000000e+01 5.400000000000000000e+01 5.000000000000000000e+01 4.100000000000000000e+01 5.900000000000000000e+01 4.700000000000000000e+01 4.200000000000000000e+01 4.900000000000000000e+01 4.600000000000000000e+01 4.900000000000000000e+01 5.300000000000000000e+01 5.000000000000000000e+01 4.100000000000000000e+01 5.400000000000000000e+01 5.900000000000000000e+01 5.700000000000000000e+01 6.100000000000000000e+01 5.200000000000000000e+01 4.900000000000000000e+01 1.090000000000000000e+02 1.140000000000000000e+02
4.300000000000000000e+01 4.400000000000000000e+01 4.000000000000000000e+01 4.300000000000000000e+01 4.700000000000000000e+01 3.800000000000000000e+01 4.000000000000000000e+01 4.700000000000000000e+01 4.400000000000000000e+01 5.700000000000000000e+01 4.700000000000000000e+01 5.300000000000000000e+01 4.700000000000000000e+01 3.800000000000000000e+01 3.800000000000000000e+01 6.400000000000000000e+01 4.000000000000000000e+01 5.600000000000000000e+01 4.700000000000000000e+01 5.700000000000000000e+01 1.440000000000000000e+02
4.700000000000000000e+01 5.600000000000000000e+01 4.700000000000000000e+01 4.500000000000000000e+01 4.500000000000000000e+01 4.600000000000000000e+01 4.300000000000000000e+01 4.400000000000000000e+01 4.300000000000000000e+01 4.900000000000000000e+01 3.700000000000000000e+01 5.000000000000000000e+01 3.100000000000000000e+01 4.400000000000000000e+01 4.500000000000000000e+01 4.300000000000000000e+01 5.700000000000000000e+01 5.000000000000000000e+01 5.800000000000000000e+01 4.200000000000000000e+01 1.470000000000000000e+02
5.000000000000000000e+01 5.600000000000000000e+01 5.100000000000000000e+01 5.400000000000000000e+01 5.500000000000000000e+01 4.700000000000000000e+01 6.100000000000000000e+01 5.000000000000000000e+01 6.200000000000000000e+01 6.200000000000000000e+01 5.600000000000000000e+01 5.200000000000000000e+01 5.000000000000000000e+01 6.100000000000000000e+01 5.200000000000000000e+01 5.600000000000000000e+01 5.300000000000000000e+01 5.500000000000000000e+01 4.200000000000000000e+01 1.140000000000000000e+02 9.100000000000000000e+01
3.900000000000000000e+01 4.600000000000000000e+01 4.000000000000000000e+01 5.400000000000000000e+01 5.000000000000000000e+01 4.800000000000000000e+01 6.700000000000000000e+01 5.800000000000000000e+01 5.700000000000000000e+01 4.600000000000000000e+01 4.800000000000000000e+01 6.100000000000000000e+01 4.900000000000000000e+01 4.800000000000000000e+01 5.000000000000000000e+01 4.600000000000000000e+01 5.300000000000000000e+01 5.900000000000000000e+01 4.200000000000000000e+01 4.600000000000000000e+01 1.680000000000000000e+02
4.300000000000000000e+01 4.600000000000000000e+01 4.000000000000000000e+01 4.800000000000000000e+01 4.500000000000000000e+01 4.800000000000000000e+01 5.100000000000000000e+01 5.300000000000000000e+01 3.900000000000000000e+01 4.600000000000000000e+01 4.700000000000000000e+01 4.800000000000000000e+01 5.200000000000000000e+01 4.300000000000000000e+01 5.200000000000000000e+01 4.000000000000000000e+01 3.900000000000000000e+01 3.600000000000000000e+01 5.500000000000000000e+01 1.510000000000000000e+02 4.100000000000000000e+01
6.100000000000000000e+01 5.000000000000000000e+01 5.600000000000000000e+01 5.400000000000000000e+01 5.800000000000000000e+01 5.600000000000000000e+01 4.500000000000000000e+01 5.300000000000000000e+01 5.100000000000000000e+01 5.400000000000000000e+01 5.500000000000000000e+01 4.600000000000000000e+01 5.700000000000000000e+01 5.000000000000000000e+01 7.000000000000000000e+01 5.400000000000000000e+01 5.700000000000000000e+01 6.800000000000000000e+01 6.900000000000000000e+01 1.150000000000000000e+02 1.140000000000000000e+02
5.000000000000000000e+01 5.400000000000000000e+01 4.100000000000000000e+01 5.500000000000000000e+01 4.100000000000000000e+01 4.100000000000000000e+01 4.900000000000000000e+01 6.100000000000000000e+01 5.100000000000000000e+01 5.500000000000000000e+01 5.400000000000000000e+01 4.800000000000000000e+01 4.300000000000000000e+01 5.200000000000000000e+01 3.900000000000000000e+01 5.100000000000000000e+01 5.100000000000000000e+01 5.000000000000000000e+01 5.300000000000000000e+01 7.600000000000000000e+01 1.100000000000000000e+02
5.300000000000000000e+01 4.500000000000000000e+01 4.700000000000000000e+01 4.400000000000000000e+01 6.900000000000000000e+01 5.300000000000000000e+01 4.500000000000000000e+01 2.400000000000000000e+01 4.700000000000000000e+01 5.200000000000000000e+01 3.800000000000000000e+01 3.300000000000000000e+01 4.900000000000000000e+01 4.700000000000000000e+01 4.700000000000000000e+01 5.200000000000000000e+01 4.600000000000000000e+01 1.380000000000000000e+02 4.800000000000000000e+01 5.300000000000000000e+01 3.400000000000000000e+01
6.200000000000000000e+01 7.800000000000000000e+01 5.600000000000000000e+01 5.700000000000000000e+01 6.600000000000000000e+01 6.800000000000000000e+01 5.900000000000000000e+01 5.900000000000000000e+01 6.500000000000000000e+01 6.700000000000000000e+01 7.400000000000000000e+01 4.200000000000000000e+01 7.300000000000000000e+01 6.800000000000000000e+01 5.900000000000000000e+01 7.300000000000000000e+01 5.800000000000000000e+01 5.600000000000000000e+01 1.210000000000000000e+02 1.000000000000000000e+02 6.300000000000000000e+01
4.800000000000000000e+01 3.200000000000000000e+01 5.300000000000000000e+01 3.400000000000000000e+01 4.800000000000000000e+01 4.000000000000000000e+01 5.100000000000000000e+01 4.900000000000000000e+01 5.400000000000000000e+01 5.500000000000000000e+01 3.900000000000000000e+01 4.700000000000000000e+01 4.000000000000000000e+01 5.300000000000000000e+01 5.500000000000000000e+01 4.700000000000000000e+01 4.300000000000000000e+01 6.000000000000000000e+01 1.400000000000000000e+02 4.800000000000000000e+01 4.500000000000000000e+01
4.000000000000000000e+01 4.400000000000000000e+01 5.500000000000000000e+01 4.800000000000000000e+01 4.900000000000000000e+01 5.000000000000000000e+01 3.500000000000000000e+01 6.000000000000000000e+01 5.200000000000000000e+01 6.200000000000000000e+01 3.200000000000000000e+01 5.700000000000000000e+01 3.900000000000000000e+01 5.000000000000000000e+01 5.800000000000000000e+01 5.700000000000000000e+01 1.770000000000000000e+02 3.800000000000000000e+01 5.800000000000000000e+01 4.700000000000000000e+01 5.100000000000000000e+01
6.300000000000000000e+01 8.200000000000000000e+01 6.800000000000000000e+01 6.500000000000000000e+01 7.800000000000000000e+01 8.300000000000000000e+01 6.900000000000000000e+01 6.300000000000000000e+01 7.400000000000000000e+01 6.100000000000000000e+01 8.200000000000000000e+01 5.200000000000000000e+01 6.700000000000000000e+01 8.700000000000000000e+01 6.900000000000000000e+01 5.900000000000000000e+01 7.000000000000000000e+01 6.800000000000000000e+01 2.140000000000000000e+02 6.600000000000000000e+01 8.200000000000000000e+01
5.400000000000000000e+01 4.600000000000000000e+01 5.200000000000000000e+01 6.100000000000000000e+01 5.000000000000000000e+01 5.300000000000000000e+01 5.500000000000000000e+01 4.900000000000000000e+01 6.100000000000000000e+01 4.700000000000000000e+01 4.400000000000000000e+01 6.500000000000000000e+01 5.100000000000000000e+01 5.600000000000000000e+01 4.300000000000000000e+01 4.800000000000000000e+01 1.610000000000000000e+02 4.900000000000000000e+01 3.600000000000000000e+01 5.200000000000000000e+01 4.500000000000000000e+01
6.100000000000000000e+01 6.700000000000000000e+01 5.700000000000000000e+01 4.900000000000000000e+01 5.700000000000000000e+01 5.400000000000000000e+01 5.600000000000000000e+01 5.100000000000000000e+01 5.300000000000000000e+01 3.800000000000000000e+01 5.200000000000000000e+01 5.300000000000000000e+01 4.900000000000000000e+01 6.200000000000000000e+01 8.600000000000000000e+01 1.220000000000000000e+02 4.900000000000000000e+01 6.400000000000000000e+01 4.900000000000000000e+01 4.900000000000000000e+01 4.600000000000000000e+01
7.600000000000000000e+01 7.700000000000000000e+01 6.300000000000000000e+01 6.200000000000000000e+01 6.500000000000000000e+01 7.200000000000000000e+01 7.100000000000000000e+01 9.400000000000000000e+01 7.500000000000000000e+01 7.600000000000000000e+01 6.700000000000000000e+01 7.400000000000000000e+01 7.000000000000000000e+01 6.800000000000000000e+01 7.500000000000000000e+01 8.000000000000000000e+01 2.430000000000000000e+02 7.400000000000000000e+01 8.700000000000000000e+01 7.100000000000000000e+01 8.700000000000000000e+01
5.000000000000000000e+01 4.400000000000000000e+01 4.200000000000000000e+01 3.900000000000000000e+01 4.500000000000000000e+01 4.200000000000000000e+01 5.100000000000000000e+01 5.900000000000000000e+01 5.300000000000000000e+01 4.900000000000000000e+01 3.900000000000000000e+01 5.000000000000000000e+01 4.500000000000000000e+01 5.200000000000000000e+01 1.470000000000000000e+02 4.500000000000000000e+01 4.900000000000000000e+01 4.700000000000000000e+01 3.800000000000000000e+01 4.900000000000000000e+01 5.300000000000000000e+01
6.600000000000000000e+01 6.500000000000000000e+01 6.500000000000000000e+01 5.200000000000000000e+01 4.900000000000000000e+01 5.200000000000000000e+01 5.500000000000000000e+01 5.100000000000000000e+01 4.900000000000000000e+01 5.200000000000000000e+01 4.400000000000000000e+01 5.900000000000000000e+01 6.100000000000000000e+01 2.030000000000000000e+02 5.500000000000000000e+01 5.400000000000000000e+01 5.800000000000000000e+01 5.500000000000000000e+01 5.600000000000000000e+01 5.700000000000000000e+01 4.200000000000000000e+01
7.500000000000000000e+01 8.500000000000000000e+01 7.300000000000000000e+01 7.800000000000000000e+01 7.500000000000000000e+01 6.800000000000000000e+01 8.300000000000000000e+01 8.600000000000000000e+01 7.500000000000000000e+01 7.700000000000000000e+01 8.200000000000000000e+01 8.200000000000000000e+01 8.700000000000000000e+01 8.200000000000000000e+01 2.580000000000000000e+02 7.300000000000000000e+01 9.600000000000000000e+01 7.800000000000000000e+01 7.200000000000000000e+01 8.000000000000000000e+01 8.000000000000000000e+01
5.100000000000000000e+01 6.100000000000000000e+01 5.000000000000000000e+01 4.200000000000000000e+01 6.100000000000000000e+01 4.300000000000000000e+01 4.400000000000000000e+01 6.100000000000000000e+01 5.000000000000000000e+01 5.800000000000000000e+01 6.100000000000000000e+01 4.500000000000000000e+01 1.800000000000000000e+02 5.900000000000000000e+01 5.000000000000000000e+01 5.300000000000000000e+01 5.700000000000000000e+01 5.100000000000000000e+01 4.800000000000000000e+01 5.500000000000000000e+01 5.600000000000000000e+01
6.300000000000000000e+01 7.500000000000000000e+01 5.200000000000000000e+01 6.500000000000000000e+01 6.500000000000000000e+01 5.800000000000000000e+01 6.800000000000000000e+01 6.700000000000000000e+01 6.400000000000000000e+01 7.300000000000000000e+01 6.100000000000000000e+01 2.320000000000000000e+02 8.700000000000000000e+01 6.800000000000000000e+01 8.200000000000000000e+01 6.900000000000000000e+01 8.600000000000000000e+01 6.600000000000000000e+01 6.800000000000000000e+01 6.800000000000000000e+01 5.000000000000000000e+01
8.800000000000000000e+01 8.500000000000000000e+01 1.030000000000000000e+02 9.100000000000000000e+01 8.200000000000000000e+01 8.000000000000000000e+01 9.100000000000000000e+01 9.500000000000000000e+01 9.000000000000000000e+01 1.120000000000000000e+02 3.020000000000000000e+02 1.010000000000000000e+02 9.000000000000000000e+01 9.100000000000000000e+01 1.030000000000000000e+02 7.200000000000000000e+01 7.600000000000000000e+01 9.200000000000000000e+01 7.300000000000000000e+01 8.000000000000000000e+01 8.600000000000000000e+01
6.600000000000000000e+01 6.900000000000000000e+01 6.200000000000000000e+01 5.500000000000000000e+01 6.800000000000000000e+01 5.400000000000000000e+01 5.700000000000000000e+01 7.600000000000000000e+01 8.400000000000000000e+01 6.500000000000000000e+01 2.240000000000000000e+02 8.200000000000000000e+01 6.900000000000000000e+01 9.500000000000000000e+01 7.100000000000000000e+01 7.000000000000000000e+01 7.100000000000000000e+01 6.600000000000000000e+01 7.500000000000000000e+01 7.000000000000000000e+01 7.200000000000000000e+01
1.110000000000000000e+02 1.260000000000000000e+02 9.000000000000000000e+01 9.500000000000000000e+01 1.170000000000000000e+02 1.030000000000000000e+02 1.040000000000000000e+02 1.020000000000000000e+02 1.010000000000000000e+02 1.070000000000000000e+02 3.290000000000000000e+02 1.080000000000000000e+02 1.260000000000000000e+02 9.500000000000000000e+01 8.300000000000000000e+01 9.500000000000000000e+01 1.200000000000000000e+02 9.200000000000000000e+01 9.700000000000000000e+01 9.200000000000000000e+01 1.070000000000000000e+02
3.900000000000000000e+01 6.400000000000000000e+01 6.200000000000000000e+01 5.100000000000000000e+01 4.800000000000000000e+01 5.900000000000000000e+01 6.200000000000000000e+01 1.670000000000000000e+02 5.000000000000000000e+01 4.900000000000000000e+01 5.900000000000000000e+01 5.200000000000000000e+01 4.800000000000000000e+01 5.500000000000000000e+01 6.600000000000000000e+01 4.900000000000000000e+01 4.900000000000000000e+01 3.700000000000000000e+01 5.100000000000000000e+01 5.000000000000000000e+01 5.700000000000000000e+01
5.800000000000000000e+01 5.100000000000000000e+01 5.900000000000000000e+01 5.000000000000000000e+01 5.900000000000000000e+01 4.800000000000000000e+01 5.700000000000000000e+01 4.800000000000000000e+01 1.770000000000000000e+02 5.700000000000000000e+01 5.500000000000000000e+01 4.200000000000000000e+01 5.700000000000000000e+01 4.300000000000000000e+01 5.200000000000000000e+01 4.900000000000000000e+01 4.800000000000000000e+01 5.200000000000000000e+01 5.300000000000000000e+01 5.900000000000000000e+01 5.800000000000000000e+01
7.400000000000000000e+01 6.500000000000000000e+01 6.300000000000000000e+01 6.000000000000000000e+01 5.700000000000000000e+01 6.200000000000000000e+01 5.900000000000000000e+01 6.400000000000000000e+01 1.230000000000000000e+02 1.320000000000000000e+02 5.700000000000000000e+01 5.700000000000000000e+01 6.000000000000000000e+01 5.700000000000000000e+01 5.100000000000000000e+01 6.300000000000000000e+01 8.700000000000000000e+01 4.600000000000000000e+01 6.600000000000000000e+01 4.000000000000000000e+01 7.900000000000000000e+01
2.900000000000000000e+01 4.200000000000000000e+01 9.800000000000000000e+01 3.900000000000000000e+01 2.500000000000000000e+01 4.200000000000000000e+01 3.500000000000000000e+01 2.700000000000000000e+01 3.700000000000000000e+01 3.200000000000000000e+01 3.000000000000000000e+01 2.800000000000000000e+01 4.200000000000000000e+01 3.800000000000000000e+01 3.800000000000000000e+01 2.600000000000000000e+01 4.100000000000000000e+01 4.000000000000000000e+01 3.700000000000000000e+01 3.600000000000000000e+01 4.100000000000000000e+01
5.200000000000000000e+01 4.600000000000000000e+01 4.700000000000000000e+01 2.600000000000000000e+01 6.600000000000000000e+01 1.450000000000000000e+02 5.000000000000000000e+01 4.600000000000000000e+01 3.600000000000000000e+01 4.900000000000000000e+01 4.000000000000000000e+01 5.000000000000000000e+01 4.500000000000000000e+01 4.500000000000000000e+01 4.300000000000000000e+01 4.900000000000000000e+01 4.700000000000000000e+01 5.600000000000000000e+01 6.300000000000000000e+01 5.100000000000000000e+01 3.900000000000000000e+01
4.200000000000000000e+01 5.600000000000000000e+01 6.000000000000000000e+01 5.300000000000000000e+01 4.900000000000000000e+01 5.300000000000000000e+01 4.600000000000000000e+01 1.670000000000000000e+02 6.300000000000000000e+01 4.200000000000000000e+01 5.900000000000000000e+01 5.700000000000000000e+01 5.800000000000000000e+01 4.800000000000000000e+01 4.900000000000000000e+01 5.000000000000000000e+01 5.800000000000000000e+01 5.700000000000000000e+01 5.900000000000000000e+01 5.000000000000000000e+01 5.000000000000000000e+01
2.200000000000000000e+01 4.500000000000000000e+01 1.700000000000000000e+01 1.400000000000000000e+01 2.300000000000000000e+01 1.800000000000000000e+01 1.900000000000000000e+01 2.100000000000000000e+01 2.400000000000000000e+01 2.300000000000000000e+01 2.000000000000000000e+01 1.400000000000000000e+01 2.200000000000000000e+01 1.900000000000000000e+01 2.100000000000000000e+01 2.200000000000000000e+01 2.300000000000000000e+01 1.600000000000000000e+01 1.600000000000000000e+01 2.000000000000000000e+01 2.200000000000000000e+01
4.900000000000000000e+01 4.800000000000000000e+01 1.620000000000000000e+02 4.200000000000000000e+01 4.700000000000000000e+01 4.800000000000000000e+01 4.900000000000000000e+01 4.200000000000000000e+01 3.800000000000000000e+01 4.900000000000000000e+01 3.800000000000000000e+01 3.900000000000000000e+01 4.100000000000000000e+01 4.600000000000000000e+01 3.000000000000000000e+01 3.400000000000000000e+01 3.900000000000000000e+01 5.600000000000000000e+01 4.000000000000000000e+01 5.400000000000000000e+01 3.800000000000000000e+01
5.500000000000000000e+01 6.400000000000000000e+01 3.700000000000000000e+01 4.200000000000000000e+01 4.200000000000000000e+01 1.240000000000000000e+02 6.700000000000000000e+01 5.300000000000000000e+01 5.600000000000000000e+01 5.200000000000000000e+01 4.500000000000000000e+01 4.700000000000000000e+01 4.200000000000000000e+01 5.800000000000000000e+01 4.200000000000000000e+01 6.100000000000000000e+01 4.500000000000000000e+01 6.100000000000000000e+01 4.800000000000000000e+01 5.500000000000000000e+01 5.300000000000000000e+01
2.200000000000000000e+01 1.000000000000000000e+01 1.000000000000000000e+01 1.100000000000000000e+01 1.300000000000000000e+01 1.700000000000000000e+01 7.000000000000000000e+00 1.100000000000000000e+01 5.000000000000000000e+00 1.300000000000000000e+01 5.000000000000000000e+00 1.000000000000000000e+01 7.000000000000000000e+00 7.000000000000000000e+00 8.000000000000000000e+00 7.000000000000000000e+00 6.000000000000000000e+00 1.000000000000000000e+01 5.000000000000000000e+00 9.000000000000000000e+00 1.100000000000000000e+01
6.000000000000000000e+01 1.230000000000000000e+02 3.600000000000000000e+01 3.800000000000000000e+01 3.800000000000000000e+01 4.400000000000000000e+01 3.400000000000000000e+01 3.200000000000000000e+01 3.500000000000000000e+01 4.500000000000000000e+01 2.500000000000000000e+01 3.600000000000000000e+01 4.300000000000000000e+01 3.500000000000000000e+01 4.100000000000000000e+01 4.100000000000000000e+01 4.500000000000000000e+01 4.800000000000000000e+01 4.900000000000000000e+01 3.500000000000000000e+01 3.300000000000000000e+01
4.600000000000000000e+01 6.800000000000000000e+01 6.700000000000000000e+01 4.700000000000000000e+01 1.870000000000000000e+02 5.100000000000000000e+01 4.100000000000000000e+01 4.800000000000000000e+01 3.100000000000000000e+01 5.700000000000000000e+01 4.800000000000000000e+01 5.500000000000000000e+01 4.700000000000000000e+01 3.900000000000000000e+01 5.200000000000000000e+01 5.800000000000000000e+01 5.200000000000000000e+01 4.400000000000000000e+01 5.500000000000000000e+01 4.300000000000000000e+01 5.400000000000000000e+01
1.000000000000000000e+00 0.000000000000000000e+00 4.000000000000000000e+00 3.000000000000000000e+00 0.000000000000000000e+00 4.000000000000000000e+00 0.000000000000000000e+00 3.000000000000000000e+00 4.000000000000000000e+00 1.000000000000000000e+00 2.000000000000000000e+00 0.000000000000000000e+00 2.000000000000000000e+00 1.000000000000000000e+00 1.000000000000000000e+00 1.000000000000000000e+00 1.000000000000000000e+00 2.000000000000000000e+00 0.000000000000000000e+00 0.000000000000000000e+00 3.000000000000000000e+00
1.200000000000000000e+02 5.100000000000000000e+01 4.900000000000000000e+01 3.600000000000000000e+01 3.400000000000000000e+01 3.200000000000000000e+01 2.600000000000000000e+01 4.400000000000000000e+01 3.500000000000000000e+01 4.000000000000000000e+01 4.100000000000000000e+01 4.100000000000000000e+01 3.100000000000000000e+01 3.700000000000000000e+01 3.500000000000000000e+01 2.900000000000000000e+01 3.400000000000000000e+01 2.800000000000000000e+01 4.100000000000000000e+01 4.200000000000000000e+01 3.000000000000000000e+01
4.800000000000000000e+01 4.900000000000000000e+01 1.050000000000000000e+02 8.600000000000000000e+01 4.200000000000000000e+01 7.000000000000000000e+01 3.200000000000000000e+01 3.300000000000000000e+01 4.200000000000000000e+01 4.300000000000000000e+01 5.000000000000000000e+01 3.900000000000000000e+01 6.100000000000000000e+01 3.800000000000000000e+01 4.500000000000000000e+01 5.600000000000000000e+01 5.700000000000000000e+01 4.500000000000000000e+01 4.600000000000000000e+01 5.500000000000000000e+01 5.100000000000000000e+01
0.000000000000000000e+00 0.000000000000000000e+00 0.000000000000000000e+00 0.000000000000000000e+00 0.000000000000000000e+00 0.000000000000000000e+00 0.000000000000000000e+00 0.000000000000000000e+00 0.000000000000000000e+00 0.000000000000000000e+00 0.000000000000000000e+00 0.000000000000000000e+00 0.000000000000000000e+00 0.000000000000000000e+00 0.000000000000000000e+00 0.000000000000000000e+00 0.000000000000000000e+00 0.000000000000000000e+00 0.000000000000000000e+00 0.000000000000000000e+00 0.000000000000000000e+00
6.700000000000000000e+01 2.800000000000000000e+01 1.600000000000000000e+01 2.000000000000000000e+01 2.200000000000000000e+01 1.700000000000000000e+01 2.600000000000000000e+01 2.800000000000000000e+01 2.200000000000000000e+01 1.800000000000000000e+01 2.600000000000000000e+01 2.200000000000000000e+01 2.600000000000000000e+01 2.200000000000000000e+01 2.200000000000000000e+01 1.800000000000000000e+01 3.000000000000000000e+01 2.000000000000000000e+01 2.900000000000000000e+01 1.700000000000000000e+01 2.700000000000000000e+01
1.470000000000000000e+02 6.500000000000000000e+01 6.000000000000000000e+01 4.900000000000000000e+01 4.300000000000000000e+01 4.400000000000000000e+01 4.000000000000000000e+01 5.200000000000000000e+01 3.600000000000000000e+01 4.600000000000000000e+01 4.900000000000000000e+01 5.900000000000000000e+01 5.100000000000000000e+01 5.000000000000000000e+01 4.600000000000000000e+01 4.800000000000000000e+01 4.000000000000000000e+01 4.400000000000000000e+01 4.200000000000000000e+01 4.600000000000000000e+01 4.300000000000000000e+01
0.000000000000000000e+00 0.000000000000000000e+00 0.000000000000000000e+00 0.000000000000000000e+00 0.000000000000000000e+00 0.000000000000000000e+00 0.000000000000000000e+00 0.000000000000000000e+00 0.000000000000000000e+00 0.000000000000000000e+00 0.000000000000000000e+00 0.000000000000000000e+00 0.000000000000000000e+00 0.000000000000000000e+00 0.000000000000000000e+00 0.000000000000000000e+00 0.000000000000000000e+00 0.000000000000000000e+00 0.000000000000000000e+00 0.000000000000000000e+00 0.000000000000000000e+00
2.500000000000000000e+01 3.400000000000000000e+01 1.700000000000000000e+01 1.800000000000000000e+01 2.300000000000000000e+01 1.500000000000000000e+01 9.000000000000000000e+00 2.100000000000000000e+01 1.800000000000000000e+01 1.600000000000000000e+01 1.000000000000000000e+01 1.700000000000000000e+01 1.600000000000000000e+01 1.000000000000000000e+01 1.900000000000000000e+01 1.400000000000000000e+01 1.300000000000000000e+01 1.600000000000000000e+01 1.600000000000000000e+01 1.300000000000000000e+01 1.300000000000000000e+01
1.350000000000000000e+02 4.100000000000000000e+01 3.100000000000000000e+01 4.600000000000000000e+01 3.600000000000000000e+01 3.600000000000000000e+01 5.100000000000000000e+01 4.600000000000000000e+01 4.200000000000000000e+01 5.400000000000000000e+01 4.200000000000000000e+01 3.400000000000000000e+01 5.400000000000000000e+01 3.800000000000000000e+01 2.400000000000000000e+01 4.500000000000000000e+01 3.700000000000000000e+01 4.000000000000000000e+01 4.600000000000000000e+01 4.100000000000000000e+01 5.100000000000000000e+01
0.000000000000000000e+00 0.000000000000000000e+00 0.000000000000000000e+00 0.000000000000000000e+00 0.000000000000000000e+00 0.000000000000000000e+00 0.000000000000000000e+00 0.000000000000000000e+00 0.000000000000000000e+00 0.000000000000000000e+00 0.000000000000000000e+00 0.000000000000000000e+00 0.000000000000000000e+00 0.000000000000000000e+00 0.000000000000000000e+00 0.000000000000000000e+00 0.000000000000000000e+00 0.000000000000000000e+00 0.000000000000000000e+00 0.000000000000000000e+00 0.000000000000000000e+00
9.000000000000000000e+00 7.000000000000000000e+00 1.100000000000000000e+01 6.000000000000000000e+00 1.000000000000000000e+01 1.500000000000000000e+01 9.000000000000000000e+00 7.000000000000000000e+00 1.400000000000000000e+01 7.000000000000000000e+00 1.300000000000000000e+01 7.000000000000000000e+00 8.000000000000000000e+00 4.000000000000000000e+00 8.000000000000000000e+00 8.000000000000000000e+00 4.000000000000000000e+00 1.100000000000000000e+01 6.000000000000000000e+00 6.000000000000000000e+00 1.000000000000000000e+01
1.260000000000000000e+02 3.500000000000000000e+01 4.100000000000000000e+01 4.400000000000000000e+01 4.400000000000000000e+01 2.400000000000000000e+01 4.000000000000000000e+01 5.100000000000000000e+01 3.800000000000000000e+01 4.100000000000000000e+01 3.100000000000000000e+01 3.700000000000000000e+01 4.100000000000000000e+01 3.600000000000000000e+01 3.200000000000000000e+01 4.300000000000000000e+01 3.100000000000000000e+01 4.400000000000000000e+01 3.300000000000000000e+01 4.000000000000000000e+01 4.400000000000000000e+01
0.000000000000000000e+00 0.000000000000000000e+00 0.000000000000000000e+00 0.000000000000000000e+00 0.000000000000000000e+00 0.000000000000000000e+00 0.000000000000000000e+00 0.000000000000000000e+00 0.000000000000000000e+00 0.000000000000000000e+00 0.000000000000000000e+00 0.000000000000000000e+00 0.000000000000000000e+00 0.000000000000000000e+00 0.000000000000000000e+00 0.000000000000000000e+00 0.000000000000000000e+00 0.000000000000000000e+00 0.000000000000000000e+00 0.000000000000000000e+00 0.000000000000000000e+00
5.000000000000000000e+00 5.000000000000000000e+00 4.000000000000000000e+00 6.000000000000000000e+00 2.000000000000000000e+00 5.000000000000000000e+00 5.000000000000000000e+00 2.000000000000000000e+00 4.000000000000000000e+00 7.000000000000000000e+00 5.000000000000000000e+00 5.000000000000000000e+00 4.000000000000000000e+00 5.000000000000000000e+00 3.000000000000000000e+00 6.000000000000000000e+00 3.000000000000000000e+00 3.000000000000000000e+00 3.000000000000000000e+00 6.000000000000000000e+00 3.000000000000000000e+00
8.800000000000000000e+01 5.100000000000000000e+01 3.500000000000000000e+01 3.300000000000000000e+01 3.600000000000000000e+01 3.800000000000000000e+01 3.900000000000000000e+01 3.500000000000000000e+01 4.700000000000000000e+01 3.400000000000000000e+01 3.100000000000000000e+01 4.100000000000000000e+01 3.100000000000000000e+01 4.600000000000000000e+01 3.900000000000000000e+01 2.700000000000000000e+01 3.300000000000000000e+01 3.800000000000000000e+01 3.600000000000000000e+01 3.600000000000000000e+01 4.200000000000000000e+01
0.000000000000000000e+00 0.000000000000000000e+00 0.000000000000000000e+00 0.000000000000000000e+00 0.000000000000000000e+00 0.000000000000000000e+00 0.000000000000000000e+00 0.000000000000000000e+00 0.000000000000000000e+00 0.000000000000000000e+00 0.000000000000000000e+00 0.000000000000000000e+00 0.000000000000000000e+00 0.000000000000000000e+00 0.000000000000000000e+00 0.000000000000000000e+00 0.000000000000000000e+00 0.000000000000000000e+00 0.000000000000000000e+00 0.000000000000000000e+00 0.000000000000000000e+00
0.000000000000000000e+00 1.000000000000000000e+00 0.000000000000000000e+00 1.000000000000000000e+00 1.000000000000000000e+00 0.000000000000000000e+00 0.000000000000000000e+00 2.000000000000000000e+00 0.000000000000000000e+00 0.000000000000000000e+00 0.000000000000000000e+00 0.000000000000000000e+00 1.000000000000000000e+00 1.000000000000000000e+00 1.000000000000000000e+00 0.000000000000000000e+00 1.000000000000000000e+00 0.000000000000000000e+00 0.000000000000000000e+00 0.000000000000000000e+00 0.000000000000000000e+00
7.830000000000000000e+02 2.280000000000000000e+02 2.250000000000000000e+02 2.150000000000000000e+02 2.210000000000000000e+02 2.260000000000000000e+02 2.280000000000000000e+02 2.150000000000000000e+02 2.560000000000000000e+02 2.030000000000000000e+02 2.140000000000000000e+02 2.310000000000000000e+02 2.450000000000000000e+02 2.220000000000000000e+02 2.400000000000000000e+02 2.720000000000000000e+02 2.260000000000000000e+02 2.350000000000000000e+02 2.110000000000000000e+02 2.090000000000000000e+02 2.180000000000000000e+02
