-4.388617403577066511e+02 -4.374405423699390667e+02 -4.377203012926027554e+02 -4.353024943658900838e+02 -4.420057779105674740e+02 -4.461605016025296209e+02 -4.450713463071379579e+02 -4.460903282091615552e+02 -4.276869242617820532e+02 -4.426971929883424650e+02 -4.367333967927967251e+02 -4.371380178169208079e+02 -4.308201076562764911e+02 -4.084228514586221763e+02 -4.156525986655485667e+02 -4.006383304824669267e+02 -3.948887941249041091e+02 -3.894702914071863233e+02 -3.767134204219723870e+02 -3.764713631614166047e+02 -3.772096943400703708e+02
-4.422040690834626844e+02 -4.321049706078482586e+02 -4.278673987676670549e+02 -4.329808870711564737e+02 -4.147742691430217405e+02 -4.085615756410818449e+02 -4.063447588886226640e+02 -4.049342130396747166e+02 -3.865808196474645229e+02 -3.871184604031045069e+02 -3.574025284712071766e+02 -3.498764477584799124e+02 -3.424018011817037177e+02 -3.213964147290574260e+02 -3.093509051660557247e+02 -2.971884098669013383e+02 -2.888101276816959171e+02 -2.791767024715407501e+02 -2.614281778352580545e+02 -2.532575316832070484e+02 -2.533720292023792240e+02
-3.504349202426965348e+02 -3.437506179225842970e+02 -3.456986686311946642e+02 -3.402492770330134135e+02 -3.282216958211220685e+02 -3.211782614166662597e+02 -3.163126616703227683e+02 -3.102167276414703565e+02 -2.952689348249701879e+02 -2.861633831406301738e+02 -2.677757003670132008e+02 -2.708849048845963807e+02 -2.540634886612286891e+02 -2.485475768969184287e+02 -2.352529142911081692e+02 -2.155053970532822518e+02 -2.097397077230009188e+02 -1.896514780476367719e+02 -1.799142291991777256e+02 -1.642763309067744331e+02 -1.490169006961889693e+02
-4.389464545436025560e+02 -4.384811987413332304e+02 -4.208351466836787154e+02 -4.075279163509274554e+02 -4.198480388940474768e+02 -4.355298419791846527e+02 -4.243443269257453494e+02 -3.696338879170502310e+02 -3.768071060995202402e+02 -2.797176070596705131e+02 -2.695492598648845615e+02 -2.686142334469949446e+02 -2.486755411249798442e+02 -2.416053584610774294e+02 -2.223756434528804107e+02 -2.218173500687199464e+02 -1.961081517427757035e+02 -1.799986537535113769e+02 -2.015787576187773595e+02 -1.661481771362386155e+02 -1.747838181068327685e+02
-4.446439451696207357e+02 -4.218598241842004199e+02 -4.276692834372638004e+02 -4.352547624862785369e+02 -3.911553498522324617e+02 -3.998611299864215312e+02 -3.861331405623258775e+02 -3.943453556765562666e+02 -3.512036743845449678e+02 -2.983717621753552294e+02 -1.869504968288896407e+02 -1.800367512880463892e+02 -1.723816020857817648e+02 -1.667846331216033491e+02 -1.640064050216509486e+02 -1.486809616794644455e+02 -1.470802869972893632e+02 -1.268774364791818385e+02 -1.007948170222273205e+02 -8.980441258482059652e+01 -6.476275668512495542e+01
-3.139112246061235396e+02 -3.060785047889079351e+02 -3.372922838830517662e+02 -3.041448624588350071e+02 -3.177590476691694334e+02 -3.014504576297598533e+02 -2.977087742097452292e+02 -2.847268654290236327e+02 -2.811617122364912689e+02 -2.293008832428835149e+02 -1.695586835572941595e+02 -1.555382572233785083e+02 -1.487527894729020090e+02 -1.490454295591178493e+02 -1.398800129178479494e+02 -1.310264476593162613e+02 -1.030810668768695848e+02 -8.014224282971086666e+01 -5.877311997515653275e+01 -3.751470128515067870e+01 -3.148045271952961599e+01
-4.007523302168427790e+02 -3.649349961291858335e+02 -3.729937727527365610e+02 -3.791383720483463549e+02 -3.570301429117154726e+02 -3.046286650943995369e+02 -2.719985041709732059e+02 -2.341661225324125439e+02 -2.687775747727176281e+02 -2.504714798241309950e+02 -2.306295967274650991e+02 -2.139683727551127390e+02 -2.211603633758521426e+02 -2.249335394744964276e+02 -2.101334034045088401e+02 -1.863236942169861550e+02 -1.812192082069956598e+02 -1.482079385044184221e+02 -1.414621951619373874e+02 -1.335617514221682427e+02 -1.180438801845803312e+02
-4.238416063956605058e+02 -4.404916353587969979e+02 -4.149220431415907910e+02 -4.221147372379473381e+02 -3.992726862413886693e+02 -3.791495282658158317e+02 -3.378983331956719667e+02 -2.729354129797664541e+02 -2.083921337222153909e+02 -1.884378611480556742e+02 -1.791060582154726717e+02 -1.640150448492805424e+02 -1.587769128135027756e+02 -1.562208000653783415e+02 -1.440756286392923471e+02 -1.358533058696498017e+02 -1.069152360368767205e+02 -8.290904271336795262e+01 -7.083837988657455753e+01 -5.412451907138070339e+01 -3.841624234326967269e+01
-3.108985504545141225e+02 -3.148160640823153926e+02 -3.107001964454927361e+02 -3.085230128826850091e+02 -2.995324125100967194e+02 -2.877924651368035143e+02 -3.066186849164132013e+02 -2.492452599796289121e+02 -1.860548689498660337e+02 -1.698103805447001378e+02 -1.476521136108320604e+02 -1.475947146100666032e+02 -1.436248595587329078e+02 -1.381900799657722985e+02 -1.205012959224108755e+02 -8.962271614203132231e+01 -6.857443357208889267e+01 -5.072835997357141480e+01 -3.229854937900379497e+01 -2.159344069701107571e+01 -1.176316060862556512e+01
-3.170395901207477891e+02 -2.909836179867344867e+02 -2.803989280166875346e+02 -2.540829583263777067e+02 -2.424073996318477668e+02 -2.381001701439980991e+02 -2.259517985628246777e+02 -2.210497144724391489e+02 -2.273625041844620966e+02 -2.038995598416174744e+02 -2.112752774048784090e+02 -2.053042409890347244e+02 -2.002371394754165692e+02 -1.872879816605579322e+02 -1.713844958566298260e+02 -1.603095335194511790e+02 -1.310652138070997239e+02 -1.196853264825460030e+02 -1.081496174406071162e+02 -8.966450442565219703e+01 -8.639214315844806436e+01
-4.236240567320642185e+02 -4.432762011415233019e+02 -4.019239829252802565e+02 -4.041840211158904594e+02 -3.128492955186300719e+02 -2.458958491261939230e+02 -1.982131595555703143e+02 -2.070261965570030043e+02 -2.000545349445560532e+02 -1.821553306590494969e+02 -1.569468970639831582e+02 -1.557346878376702932e+02 -1.458749461233622355e+02 -1.314614065588916674e+02 -1.019653236852463039e+02 -8.659919911392731251e+01 -6.914599898787658105e+01 -5.500714682449296333e+01 -3.969977507003805073e+01 -2.789382725455669387e+01 -2.017406776851529315e+01
-3.252312521201988602e+02 -3.166416942324674437e+02 -3.095718058432677253e+02 -2.976471401749879533e+02 -2.903026350862557479e+02 -2.723153720270438498e+02 -2.022846330527070791e+02 -1.707418941668351522e+02 -1.635377916862456402e+02 -1.532097538315432246e+02 -1.448215425578256372e+02 -1.471540738749484376e+02 -1.257439328891623234e+02 -9.819020225419929204e+01 -7.535479405087770033e+01 -5.603306546057158499e+01 -3.599670541917042499e+01 -2.582551415370588899e+01 -1.352348383396073039e+01 -7.032398422263807625e+00 -3.926138983506763935e+00
-2.149412988232014072e+02 -2.231430236783708665e+02 -2.264523470212479310e+02 -2.171020790358602994e+02 -2.140921755370511335e+02 -2.172497273232345947e+02 -2.022083734505243058e+02 -2.109738888484579888e+02 -2.014751334092717343e+02 -1.816854220599557266e+02 -1.831913519828467827e+02 -1.590218324148020770e+02 -1.579391266839227228e+02 -1.404619547603583385e+02 -1.308992805923589344e+02 -1.075425680801759540e+02 -9.818614831228812534e+01 -6.865949721523247717e+01 -6.661414674919890899e+01 -5.898414240796154928e+01 -5.875396025585852300e+01
-3.958426364682691769e+02 -3.353698978788073077e+02 -2.999079727233371955e+02 -2.321947009862800826e+02 -2.252816062282709879e+02 -2.165261517291928328e+02 -1.909379756481129675e+02 -1.957834346339156468e+02 -1.750586590717971944e+02 -1.619516159948412906e+02 -1.430867801257492999e+02 -1.263933228895758987e+02 -9.979586245543312373e+01 -8.667563781544110668e+01 -7.100869062861913505e+01 -5.535828790527257581e+01 -3.855674133461144493e+01 -3.184670637985448138e+01 -2.008655968284998750e+01 -1.414757443561742001e+01 -6.663425976755865676e+00
-3.230201358612561648e+02 -3.024737772314866220e+02 -3.256895405507920600e+02 -2.778018181837593374e+02 -2.295442243106238891e+02 -1.780773031199598506e+02 -1.663165774275251465e+02 -1.503020581574483288e+02 -1.493768606819668321e+02 -1.512671871869339952e+02 -1.392320267950623816e+02 -1.179542953931985210e+02 -8.968216970422889744e+01 -6.436833065851318736e+01 -4.686526868155252146e+01 -3.031459732722525402e+01 -1.687367020940637730e+01 -9.330234269770333100e+00 -3.978868419732776829e+00 -3.481177900238460854e+00 -6.769938773445533187e+00
-1.938693736523242990e+02 -2.038886391748804954e+02 -1.684936722283395909e+02 -1.923299882479436747e+02 -1.635349113334091555e+02 -1.615948942634436207e+02 -1.700731738970907543e+02 -1.555881621418199927e+02 -1.421756428647894381e+02 -1.339784004175787686e+02 -1.263076245546169218e+02 -1.166562661055877896e+02 -9.745058083405130844e+01 -9.320590851429197699e+01 -8.714108872187718191e+01 -6.980676498923759254e+01 -6.196941901753319115e+01 -5.312046622993562295e+01 -4.271118032645372864e+01 -3.312881455053019408e+01 -3.066280090401194158e+01
-2.726022229643780861e+02 -2.336539343208368962e+02 -2.322658948034693651e+02 -2.237636569771557333e+02 -2.059516521533215609e+02 -2.002111180075802963e+02 -1.747425180371802469e+02 -1.692859303733827119e+02 -1.472355585463328111e+02 -1.241320867334628275e+02 -9.381521922759529275e+01 -7.888756453152214476e+01 -6.209518736707257602e+01 -5.134210456974670933e+01 -3.813727359757926649e+01 -2.856089924868144436e+01 -2.047281522528083997e+01 -1.433290219831569878e+01 -6.340106421462057718e+00 -3.314291058251947142e+00 -4.268132173399338036e+00
-3.144465646868503086e+02 -2.834603501119880207e+02 -2.267998863534109262e+02 -2.062888170334664437e+02 -1.727957929493484244e+02 -1.655244542673876822e+02 -1.533565615334788106e+02 -1.486918396765482839e+02 -1.431664421612671276e+02 -1.204042701617294853e+02 -9.996672596679682954e+01 -6.957501384402834788e+01 -5.733469273182476655e+01 -3.993700863158596093e+01 -2.436882585835335746e+01 -1.199906654670716222e+01 -6.578483917471554143e+00 -2.903715524732706221e+00 -3.598404567083086647e+00 -6.713880075312881779e+00 -1.617886601368426369e+01
-1.587478830215087839e+02 -1.618866443596563727e+02 -1.411658128567559061e+02 -1.422947556788694214e+02 -1.193340732837225175e+02 -1.275038489553741670e+02 -1.097388990270693512e+02 -1.028923407815444762e+02 -9.901600535944193382e+01 -8.983967883848563929e+01 -7.983338033188711336e+01 -7.383186035791243285e+01 -6.146182470312177060e+01 -5.184794115507590817e+01 -4.384800856501851740e+01 -4.912683589511278370e+01 -4.248936387436068429e+01 -2.984168904894294982e+01 -2.240448801017938152e+01 -2.267794302516941229e+01 -2.703183291562186596e+01
-2.220858730085938362e+02 -2.114084872772295398e+02 -2.040262844321808586e+02 -1.843988246821600399e+02 -1.748539222617365851e+02 -1.621222779079651275e+02 -1.394220017039205288e+02 -1.120335353703240315e+02 -1.003594562107579549e+02 -8.280467064889226947e+01 -6.430390319461795912e+01 -5.117802269443366470e+01 -3.645310119753772682e+01 -3.092756363150168042e+01 -1.997452405908268958e+01 -1.335185787003900693e+01 -8.300927438790706603e+00 -3.773847742351343459e+00 -1.807044355259463941e+00 -2.549216619778977400e+00 -4.309282240261854469e+00
-2.298071726438224971e+02 -2.204911457735771023e+02 -1.833049821371262169e+02 -1.643681330050790450e+02 -1.506852585134504068e+02 -1.509110647966600425e+02 -1.478962084847119911e+02 -1.281506851966846057e+02 -1.089326105138689940e+02 -8.580827748056157134e+01 -6.020401666597302182e+01 -4.383630391563465167e+01 -2.896564557101071813e+01 -1.813886891576111537e+01 -1.073491371579873643e+01 -4.142993690843855603e+00 -2.104110872939035648e+00 -3.677904708808827916e+00 -9.570962382365552301e+00 -1.903126580940061530e+01 -3.552512880366597159e+01
-1.150874637980354578e+02 -1.152492571297287185e+02 -1.083433769810706622e+02 -9.439493576788645157e+01 -8.286987037660946953e+01 -7.822110946341329907e+01 -7.619842100430800258e+01 -6.594448788205274070e+01 -5.858000687533041884e+01 -5.251525388235958758e+01 -4.125935882220150575e+01 -3.507792442160181423e+01 -3.118178446746356158e+01 -2.590163799940000899e+01 -2.240667192602328228e+01 -1.602410468123302678e+01 -1.171861772627392817e+01 -1.306016036916017597e+01 -7.860796244868724969e+00 -8.357737699571456957e+00 -8.406783650398525154e+00
-2.108754660381319468e+02 -1.893294686610771294e+02 -1.731001148537429799e+02 -1.534189316897421804e+02 -1.312686050068977579e+02 -1.155143346568577414e+02 -9.224447622489070397e+01 -7.929981297027210019e+01 -6.007041497482047276e+01 -4.870884593610422542e+01 -3.660981789051594149e+01 -2.549760048518236033e+01 -1.887706434940438882e+01 -1.250426992228136136e+01 -7.351106773671935990e+00 -3.493215639147942309e+00 -1.685691579556880315e+00 -1.740308011902995000e+00 -3.731213970911605227e+00 -8.458626318144498057e+00 -1.852548122778438966e+01
-2.095084075086001008e+02 -1.803962589577190272e+02 -1.617048410362125423e+02 -1.556474072034424410e+02 -1.434837090530171793e+02 -1.383170211141455752e+02 -1.197240811726577761e+02 -8.921735097899554034e+01 -7.516429448244338118e+01 -5.290491178397476091e+01 -3.728079027777060617e+01 -2.460688495676843957e+01 -1.297127439137719129e+01 -5.961677791667510995e+00 -2.869478316384973304e+00 -2.701663816747171154e+00 -6.213670954402958024e+00 -1.567653419312562590e+01 -2.390052895824370793e+01 -4.158606390650067652e+01 -6.974165141386914968e+01
-6.897867814294080802e+01 -7.152815274681395863e+01 -7.547650156375529207e+01 -5.604621768697651163e+01 -4.591063022333948140e+01 -4.099153395708550107e+01 -3.465649218611588367e+01 -3.208736726634236902e+01 -2.822696021786943632e+01 -2.161125104762143678e+01 -1.840726320821341844e+01 -1.362687211151844302e+01 -1.086732894465065868e+01 -8.555246495916380312e+00 -5.909992646488319679e+00 -5.996790128770123296e+00 -3.640190249210963014e+00 -5.790124477028693484e+00 -4.735352387796746498e+00 -6.310599713370063313e+00 -8.622025071577708033e+00
-1.672370359263978514e+02 -1.454355086359534823e+02 -1.119448322750943134e+02 -1.089198710653739965e+02 -9.199522684109138027e+01 -7.429122747819765493e+01 -5.918964707946781090e+01 -4.669913166189429177e+01 -3.593243256683059172e+01 -2.512576254611274962e+01 -1.625271284919670478e+01 -1.154596421159692277e+01 -6.054935141894502770e+00 -2.996961741166891180e+00 -1.404247965187186198e+00 -1.814141956863350780e+00 -3.776458242512663599e+00 -7.978929019218081287e+00 -1.348824073756664355e+01 -2.441430836399818816e+01 -3.770249185365977240e+01
-1.619718293207596389e+02 -1.525655672767362319e+02 -1.501785844835037551e+02 -1.400479153941134882e+02 -1.257327744587394420e+02 -9.648313887827539759e+01 -7.284115612404887941e+01 -5.914628449885741901e+01 -4.286610014117545830e+01 -2.958892923246325779e+01 -1.672646035724366698e+01 -9.277602376549484831e+00 -3.576091373838328202e+00 -1.640701891756074726e+00 -3.476799122882071380e+00 -7.972482321549702711e+00 -1.835160019331654269e+01 -3.295708040265875383e+01 -5.354349091676134265e+01 -7.859540203174989870e+01 -9.190093208524136514e+01
-4.580023529134488314e+01 -3.502523479003981777e+01 -3.253186188422081671e+01 -2.580802519640514703e+01 -2.574197272568230588e+01 -2.149947131082353025e+01 -1.766652427966845806e+01 -1.397517792329755970e+01 -1.088102225762470709e+01 -7.276455550979493481e+00 -5.101167430088986876e+00 -4.212391815349914914e+00 -2.474543689171996075e+00 -1.936971845976114048e+00 -1.764656437390748955e+00 -3.321013774087933523e+00 -4.495825229002211820e+00 -7.459334553170870130e+00 -1.176964772899516909e+01 -1.391758315193444240e+01 -2.184150711560710434e+01
-1.071910837315981126e+02 -9.069488829443240263e+01 -7.718722194092541145e+01 -6.025071413782486474e+01 -5.173183449665089739e+01 -3.710299290205532685e+01 -3.032974078482471114e+01 -2.076008139375323935e+01 -1.437867633162732517e+01 -8.325588444173547487e+00 -5.277620665932885480e+00 -2.366068281958984443e+00 -1.308315484548476348e+00 -1.805563502601113424e+00 -4.208715664028965797e+00 -8.661938398459954058e+00 -1.504179202939793214e+01 -2.371878085342515163e+01 -3.331665149775759716e+01 -4.609717747918343633e+01 -6.081004995113895717e+01
-1.472244587102109108e+02 -1.407481306416562745e+02 -1.139241320394795736e+02 -1.077620117139453413e+02 -8.435769808038557471e+01 -6.508655845389260719e+01 -4.827118694724540404e+01 -3.735427799639717961e+01 -2.033120046064805564e+01 -1.208396064637903677e+01 -5.312702057012472778e+00 -1.876500402499925002e+00 -2.141581234041734394e+00 -5.027816378142411224e+00 -1.290670833639651782e+01 -2.398525377422934568e+01 -4.021553228601043628e+01 -5.878310624505582638e+01 -8.262066095500345853e+01 -1.135054430699605348e+02 -1.371004259784140231e+02
-2.791981836746930057e+01 -1.856835964164566022e+01 -1.795280130631510218e+01 -1.586902019678275089e+01 -1.104760919261969576e+01 -8.548927145448713460e+00 -5.974710998725528910e+00 -4.051870166809908191e+00 -2.817050012784501067e+00 -1.389383496691617648e+00 -9.795228737158525600e-01 -1.403223552756172721e+00 -2.442085066699085427e+00 -3.972883874913859970e+00 -6.454155557481395356e+00 -1.057092593769903921e+01 -1.766947759515350569e+01 -2.116486885919888294e+01 -3.080664589123138697e+01 -3.608177453481669517e+01 -4.657381479671049362e+01
-6.639794182915410659e+01 -5.464195314294859429e+01 -4.082606809389810110e+01 -3.278883148492037236e+01 -2.686759481073859490e+01 -1.662633157537154460e+01 -1.386435995272048238e+01 -7.135018157324570787e+00 -4.004726296052051104e+00 -2.022240295827518963e+00 -1.105103450224303119e+00 -2.123715372719598982e+00 -4.079882103548492900e+00 -8.255288427021511666e+00 -1.409433037260120436e+01 -2.118012276479489486e+01 -3.452760173263573762e+01 -4.330030086134001976e+01 -6.063330344354591972e+01 -7.830650555200610086e+01 -9.854111658395878237e+01
-1.238871200397476144e+02 -1.113329544918781693e+02 -8.389872721359769514e+01 -6.877457015580901611e+01 -5.740350421041722484e+01 -4.024549335708022113e+01 -2.683885809969414638e+01 -1.497423555817537810e+01 -7.791098485074842372e+00 -3.461990721820221051e+00 -1.288585625163495063e+00 -2.835071836774427201e+00 -8.685873297257700187e+00 -1.714200247285402412e+01 -3.087529258930072729e+01 -4.999190594271068733e+01 -6.815926161568398811e+01 -9.044051254636654846e+01 -1.147644980524549254e+02 -1.375382562451021045e+02 -1.487564970654261742e+02
-1.377505067616082179e+01 -8.666036920364369678e+00 -7.342386598669583542e+00 -4.146657288071518010e+00 -3.674872133872796542e+00 -2.071080882005115420e+00 -1.548388599652156472e+00 -1.130526828360761460e+00 -1.770903854781461728e+00 -2.791884384689557130e+00 -4.650048789110076797e+00 -7.206816437405964670e+00 -1.093379877409732437e+01 -1.478932582548510233e+01 -2.294163996086773949e+01 -2.795442411717509046e+01 -3.443898616279964386e+01 -4.282428563775201269e+01 -5.686143390730941860e+01 -7.355512817875755616e+01 -9.188500592856613025e+01
-3.694430669693289104e+01 -2.724426721953576447e+01 -2.150210345480422802e+01 -1.346424089565559967e+01 -9.469015110468385288e+00 -4.525865309086122501e+00 -3.550422451944194702e+00 -1.396659218767580812e+00 -1.103615534033191903e+00 -2.568689699880116972e+00 -5.181231613901048583e+00 -8.801365032543499112e+00 -1.504676675048247603e+01 -2.121300283042920043e+01 -3.377094543846497032e+01 -4.737926653541288147e+01 -5.925174065481105856e+01 -7.539587380405853878e+01 -9.646002483121195326e+01 -1.157073126381872328e+02 -1.342482616239171023e+02
-1.070727100561595364e+02 -8.380995051470496549e+01 -6.193692991513566426e+01 -4.939877371610642598e+01 -3.148984190824358720e+01 -2.136951079507381834e+01 -1.332851567621407796e+01 -6.134754792581301075e+00 -1.694456067829670509e+00 -1.705132990838251317e+00 -5.038572660797484559e+00 -1.234308778827558761e+01 -2.455678697979213965e+01 -3.633935522913014893e+01 -5.808471096851256732e+01 -7.715093225230494056e+01 -1.074313198600058570e+02 -1.180422148307341388e+02 -1.455766481065011533e+02 -1.625140958965533287e+02 -1.726445107031827888e+02
-2.832675445431871886e+00 -2.395987035637233475e+00 -1.314446923081093788e+00 -4.207472336352091169e+00 -1.624809044115128387e+00 -2.532305891725550318e+00 -3.610699669086561592e+00 -4.910208735807880309e+00 -8.058657222147818544e+00 -1.236255491735609269e+01 -1.678445560897073463e+01 -2.219460978970543152e+01 -2.762335265562529685e+01 -3.604326209384727520e+01 -4.663053325400689886e+01 -5.050587201293679840e+01 -6.974335927555209480e+01 -8.013076831987474691e+01 -1.023173595290184608e+02 -1.238164925040197488e+02 -1.336455613851938722e+02
-1.611767121543951831e+01 -9.285677133937657146e+00 -6.322758032357363334e+00 -4.152045890365822167e+00 -1.770346967055733689e+00 -1.281671540393617414e+00 -3.081344137622357593e+00 -4.247005648862152150e+00 -6.834946549783822434e+00 -1.055218231644004945e+01 -1.525393947339257394e+01 -2.324750051103255544e+01 -3.314256860168575969e+01 -4.483748150256193554e+01 -5.597347180148586432e+01 -7.482854490001413694e+01 -8.820350701195563659e+01 -1.138688617163472259e+02 -1.370992476403041280e+02 -1.510585394167196966e+02 -1.581468640938032593e+02
-6.514780813586287422e+01 -5.139806698891644743e+01 -3.193647576053966830e+01 -2.053129720203444464e+01 -1.197291294027113651e+01 -7.296389196907121288e+00 -3.160795503774976645e+00 -1.699365109047214162e+00 -3.889235514167059815e+00 -8.869877936058861323e+00 -1.581473061442932604e+01 -3.034866551388508071e+01 -4.135361752890552367e+01 -6.109436135749958652e+01 -8.769443664864978416e+01 -1.204364409426209335e+02 -1.435953726426891706e+02 -1.530283640556205569e+02 -1.567027584907197593e+02 -1.790868711383599816e+02 -2.108061007514770324e+02
-8.291859275680064201e+00 -1.481208105837144684e+00 -2.120749334594600466e+00 -9.141250559601386882e+00 -4.842274907497214897e+00 -9.251750954992001397e+00 -1.033949859348138922e+01 -1.627086207759304770e+01 -2.229390767252009553e+01 -2.442768649097529021e+01 -3.548205508198813618e+01 -4.316000079239607601e+01 -5.184848982049174282e+01 -6.578206427251956256e+01 -7.546210686142414659e+01 -9.378953831164835719e+01 -1.191585667314901968e+02 -1.253818620762721281e+02 -1.492638861209211143e+02 -1.633254526731004717e+02 -1.611730926890151920e+02
-4.310007953178773832e+00 -2.152730369134739252e+00 -1.486893393303835742e+00 -1.998690703724050000e+00 -1.749805882266872104e+01 -5.275327654680278755e+00 -9.321987411850670924e+00 -1.407627386998573193e+01 -1.946705923879170186e+01 -2.598098508196224898e+01 -3.639977052969047833e+01 -4.839235094545129812e+01 -6.146372581150726688e+01 -8.148279315750681917e+01 -9.623938467946122444e+01 -1.094494955877578235e+02 -1.388572636696759730e+02 -1.503279479074793130e+02 -1.588054741804876926e+02 -1.571831516895804839e+02 -1.668891508662584897e+02
-3.487253476544734099e+01 -2.399975993404031627e+01 -1.621597198198008982e+01 -9.579391468499917295e+00 -5.709053768317820854e+00 -2.725532912385532747e+00 -3.012483132101019923e+00 -7.429217789204509259e+00 -1.335144936311127495e+01 -2.358397792944156990e+01 -3.778538996637121983e+01 -5.470076687830619022e+01 -7.512350186344814063e+01 -1.021947800014397814e+02 -1.273593237642966756e+02 -1.522348850868918646e+02 -1.592956014965547524e+02 -1.642410267597046243e+02 -1.952732004640547245e+02 -1.961067933271970105e+02 -2.624615068420374655e+02
-4.405892297681455183e+00 -7.361545647977580487e+00 -6.531879852915054130e+00 -1.170749148966002551e+01 -1.651252247583763477e+01 -2.459207751668009934e+01 -2.182450896392573725e+01 -3.382540140487535041e+01 -1.986500165852228506e+01 -5.049465625773904520e+01 -4.724241964955346162e+01 -6.743092883192859688e+01 -8.423875301406042126e+01 -8.712353895813330951e+01 -1.241798901269597195e+02 -1.147685892339005562e+02 -1.312790938720405620e+02 -1.541611783884437443e+02 -3.120941589033421337e+01 -1.396701511605957933e+02 -1.479358903060719967e+02
-4.026132345584673367e+00 -3.086615577385262821e+00 -5.555325683046170582e+00 -8.283227645925286708e+00 -1.085736675077870395e+01 -1.612114112232841379e+01 -2.154072871446315673e+01 -2.993348995123099243e+01 -4.094775298373997430e+01 -5.121204310029589379e+01 -6.120841159389304664e+01 -7.851938806352691813e+01 -9.971473935101990094e+01 -1.188648784495919983e+02 -1.434085985529052323e+02 -1.536557199395624025e+02 -1.502687350982893975e+02 -1.634760827165493993e+02 -1.564808523976494428e+02 -1.631225182419250075e+02 -1.875500309552021179e+02
-2.103248466529821670e+01 -1.492209456956363844e+01 -6.325767278104344804e+00 -4.582824250429424318e+00 -3.451128621478277037e+00 -4.599539697449238851e+00 -9.519158990918411334e+00 -1.958593149972029224e+01 -3.038786118305113249e+01 -4.752499141547421146e+01 -6.581124442683287157e+01 -8.860373593417014604e+01 -1.152341035147860566e+02 -1.426544718637845506e+02 -1.541063036515216425e+02 -1.541427980718946742e+02 -1.807598804919568920e+02 -1.794608813506447973e+02 -2.279896589903823667e+02 -2.909751089146140544e+02 -2.930466928282849040e+02
-4.950012661346543830e+00 0.000000000000000000e+00 -3.326123155097042261e+00 -7.651990533450299559e+00 0.000000000000000000e+00 -5.055946355898433886e+00 0.000000000000000000e+00 -5.806297184518774301e+00 -1.407001240998200409e+01 -2.439796710789584822e+00 -4.362874035246897364e+01 0.000000000000000000e+00 -6.877363321212153835e+01 -3.835278823430571027e+00 -4.195788051525774875e+01 -5.078084041530658510e+00 -4.331855513680412884e+00 -8.323576993939153112e+01 0.000000000000000000e+00 0.000000000000000000e+00 -5.549712975621420696e+01
-7.454840478229876055e+00 -9.509485176052370647e+00 -1.439204168526686978e+01 -2.365395150165701921e+01 -2.661036899271778466e+01 -3.291014043488499397e+01 -4.450458261750414835e+01 -5.915758471101831617e+01 -6.506793465079937278e+01 -8.121216581920005240e+01 -9.935503514385082724e+01 -1.203937768887171558e+02 -1.455408434092216226e+02 -1.580878338246929502e+02 -1.649848692803223287e+02 -1.506894095033873100e+02 -1.656564234756037877e+02 -1.514037429516155555e+02 -1.891590364149500942e+02 -2.416317427372844122e+02 -2.655545945848127189e+02
-1.138773328366596793e+01 -5.589849875820011249e+00 -4.590917758546146921e+00 -4.749966051171939263e+00 -9.463125448690451691e+00 -1.715265384045330066e+01 -2.360647370458965710e+01 -4.397773703515971988e+01 -5.889158396952886676e+01 -7.793568725752824378e+01 -9.844364077241131383e+01 -1.262480608947597176e+02 -1.512002257204840419e+02 -1.591830692549130220e+02 -1.648554842603087991e+02 -1.638001772985473110e+02 -1.924009416104103423e+02 -2.580579260317543913e+02 -2.952638686870691345e+02 -3.041633265475018675e+02 -2.983168636512276635e+02
0.000000000000000000e+00 0.000000000000000000e+00 0.000000000000000000e+00 0.000000000000000000e+00 0.000000000000000000e+00 0.000000000000000000e+00 0.000000000000000000e+00 0.000000000000000000e+00 0.000000000000000000e+00 0.000000000000000000e+00 0.000000000000000000e+00 0.000000000000000000e+00 0.000000000000000000e+00 0.000000000000000000e+00 0.000000000000000000e+00 0.000000000000000000e+00 0.000000000000000000e+00 0.000000000000000000e+00 0.000000000000000000e+00 0.000000000000000000e+00 0.000000000000000000e+00
-1.880273762324653219e+01 -2.259809724218771976e+01 -3.343923861663706987e+01 -3.747236922636916034e+01 -4.931551650531157094e+01 -5.972394046649789345e+01 -7.197495722614415570e+01 -9.004275636687526685e+01 -1.103766450126892380e+02 -1.150722537934436218e+02 -1.534367530371952455e+02 -1.635212192957642685e+02 -1.652852365239825474e+02 -1.604173182362645207e+02 -1.595574859462172412e+02 -1.522035005657300530e+02 -1.673910654460032958e+02 -1.973681243735907742e+02 -2.642577383705710190e+02 -2.868921526028443054e+02 -3.006884902586090789e+02
-5.700568193024889041e+00 -8.596566526520589946e+00 -7.497819884810762225e+00 -1.448607491965486993e+01 -1.793458706242774525e+01 -3.458973392267925817e+01 -4.978449477116974009e+01 -6.429364334738659181e+01 -8.772452925090541953e+01 -1.120685671393649017e+02 -1.417880556744727585e+02 -1.487412089293576969e+02 -1.611863856825059429e+02 -1.606417077748327813e+02 -1.693362519893034346e+02 -2.611804430972580917e+02 -2.753308531887250865e+02 -3.014043402554071918e+02 -3.057424412446038673e+02 -3.021741600954159708e+02 -2.940148993883459525e+02
0.000000000000000000e+00 0.000000000000000000e+00 0.000000000000000000e+00 0.000000000000000000e+00 0.000000000000000000e+00 0.000000000000000000e+00 0.000000000000000000e+00 0.000000000000000000e+00 0.000000000000000000e+00 0.000000000000000000e+00 0.000000000000000000e+00 0.000000000000000000e+00 0.000000000000000000e+00 0.000000000000000000e+00 0.000000000000000000e+00 0.000000000000000000e+00 0.000000000000000000e+00 0.000000000000000000e+00 0.000000000000000000e+00 0.000000000000000000e+00 0.000000000000000000e+00
-3.492940332876458598e+01 -3.536565547426830847e+01 -4.562371453382601771e+01 -5.953299915565062150e+01 -7.357027207082623477e+01 -8.757215744701719018e+01 -9.480656868619298905e+01 -1.289384974550801815e+02 -1.513271883860741411e+02 -1.561168502820552249e+02 -1.623215647545006561e+02 -1.617777483912988998e+02 -1.591624816871341181e+02 -1.439809038934420471e+02 -1.607201697878706739e+02 -1.776452366045868416e+02 -2.626908640645455648e+02 -2.705732490839237698e+02 -2.743800316556185521e+02 -2.907600715526553472e+02 -3.081173550798729366e+02
-9.363533019259490331e+00 -1.584480518878129374e+01 -1.616761507536183728e+01 -2.749229649788214758e+01 -4.456775181963020316e+01 -5.001474148527882591e+01 -7.488323657630296282e+01 -1.111197064918508346e+02 -1.298334390982369086e+02 -1.534335297069619060e+02 -1.460684102799815207e+02 -1.577900158871661915e+02 -1.691665663513558400e+02 -1.942578258900124695e+02 -2.609999932014983415e+02 -3.080492461188884477e+02 -3.056583502362653917e+02 -3.039308023597304782e+02 -3.106098677007469178e+02 -3.077441580132956460e+02 -3.067775441950651043e+02
0.000000000000000000e+00 0.000000000000000000e+00 0.000000000000000000e+00 0.000000000000000000e+00 0.000000000000000000e+00 0.000000000000000000e+00 0.000000000000000000e+00 0.000000000000000000e+00 0.000000000000000000e+00 0.000000000000000000e+00 0.000000000000000000e+00 0.000000000000000000e+00 0.000000000000000000e+00 0.000000000000000000e+00 0.000000000000000000e+00 0.000000000000000000e+00 0.000000000000000000e+00 0.000000000000000000e+00 0.000000000000000000e+00 0.000000000000000000e+00 0.000000000000000000e+00
-4.118300954473594544e+01 -5.942700688781122409e+01 -8.057174028940066535e+01 -6.203858335193235263e+01 -1.013979395574735918e+02 -1.335052347593927493e+02 -1.234740505147311040e+02 -1.398622212896714814e+02 -1.532390608577079831e+02 -1.345687935937987731e+02 -1.473425923330217984e+02 -1.226878095981195571e+02 -1.332914287302620266e+02 -1.614573255372884262e+02 -2.560744647419600142e+02 -2.729638703099629424e+02 -5.160986370330873285e+01 -3.038994766419023676e+02 -1.764830436200911095e+02 -1.887787113067710720e+02 -2.695233894207551089e+02
-2.020219710712123273e+01 -3.551808666004674109e+01 -3.471094210983933692e+01 -5.839419361863845381e+01 -7.103144043639019856e+01 -8.984959985946490235e+01 -1.167128324870532339e+02 -1.354844021644332770e+02 -1.577417245984477461e+02 -1.542504796149973174e+02 -1.637130533473060723e+02 -1.779866277905432241e+02 -2.246008578756906502e+02 -3.004872036175515291e+02 -3.048963472798494649e+02 -3.011761062713138131e+02 -3.058471123790743604e+02 -3.060727841490272567e+02 -3.078708765096636739e+02 -3.114796358813489405e+02 -3.096824411554220546e+02
0.000000000000000000e+00 0.000000000000000000e+00 0.000000000000000000e+00 0.000000000000000000e+00 0.000000000000000000e+00 0.000000000000000000e+00 0.000000000000000000e+00 0.000000000000000000e+00 0.000000000000000000e+00 0.000000000000000000e+00 0.000000000000000000e+00 0.000000000000000000e+00 0.000000000000000000e+00 0.000000000000000000e+00 0.000000000000000000e+00 0.000000000000000000e+00 0.000000000000000000e+00 0.000000000000000000e+00 0.000000000000000000e+00 0.000000000000000000e+00 0.000000000000000000e+00
-5.036444510396264462e+01 -3.154516538831331118e+01 -3.412763423871979285e+01 -7.296709134134562191e+01 -5.277637655432479846e+01 -1.002035990998606678e+02 -5.666110108824273084e+01 -2.415920017913296292e+01 -6.373829121197901770e+01 -1.108701726260531615e+02 -2.456149706436451652e+01 -4.847453815609778616e+01 -4.678303437528606423e+01 -5.357398407970774201e+01 -3.510794198950944889e+01 -2.118822262779633263e+02 -1.653788183727355374e+02 -6.074128512902386490e+01 -1.656489068017557997e+02 -1.714764130961816022e+02 -5.770706149525327788e+01
-4.130111537900735641e+01 -4.575329724902568529e+01 -6.060539813260449193e+01 -8.151013543610910972e+01 -1.049284060947349957e+02 -1.342817672416343555e+02 -1.454553152003988714e+02 -1.530161454457992818e+02 -1.551989225156384578e+02 -1.662714458870979684e+02 -1.799833420865282676e+02 -2.767928464132103272e+02 -2.916705285884140721e+02 -2.999775082542138875e+02 -2.908511059942604220e+02 -2.927330927987564451e+02 -3.023343594246405246e+02 -2.925158480210954508e+02 -3.118457916127363774e+02 -2.903331737346076125e+02 -3.011852793359602742e+02
0.000000000000000000e+00 0.000000000000000000e+00 0.000000000000000000e+00 0.000000000000000000e+00 0.000000000000000000e+00 0.000000000000000000e+00 0.000000000000000000e+00 0.000000000000000000e+00 0.000000000000000000e+00 0.000000000000000000e+00 0.000000000000000000e+00 0.000000000000000000e+00 0.000000000000000000e+00 0.000000000000000000e+00 0.000000000000000000e+00 0.000000000000000000e+00 0.000000000000000000e+00 0.000000000000000000e+00 0.000000000000000000e+00 0.000000000000000000e+00 0.000000000000000000e+00
0.000000000000000000e+00 -6.463210347952223600e+00 0.000000000000000000e+00 -1.398917105475791267e+01 -8.235423887776477381e-01 0.000000000000000000e+00 0.000000000000000000e+00 -8.604006499333252123e+01 0.000000000000000000e+00 0.000000000000000000e+00 0.000000000000000000e+00 0.000000000000000000e+00 -9.765791920546643690e-01 -1.748079824171738572e+00 -4.885937396753305961e-01 0.000000000000000000e+00 -1.748587293722254188e+01 0.000000000000000000e+00 0.000000000000000000e+00 0.000000000000000000e+00 0.000000000000000000e+00
-1.776285370876056220e+02 -1.937642466469872602e+02 -2.135027668986674030e+02 -2.256438070228911954e+02 -2.332363975096350259e+02 -2.411355723739723942e+02 -2.495568149655583738e+02 -2.690968702277404532e+02 -2.780160714872679364e+02 -2.972573563096944440e+02 -3.043456202374082977e+02 -3.001027342189885303e+02 -3.016026111200723108e+02 -3.050642031555573226e+02 -3.061734436632397660e+02 -3.042212089646210984e+02 -3.010238542509376316e+02 -3.078094964333067765e+02 -3.015213251141984188e+02 -3.040679554146489636e+02 -3.049808759343299585e+02
