3.000000000000000000e+00 6.000000000000000000e+00
5.660751104354858398e+00 7.139181137084960938e+00
6.719365596771240234e+00 7.777007520198822021e+00
5.747367203235626221e+00 7.225874602794647217e+00
4.601205885410308838e+00 6.518910169601440430e+00
4.302372992038726807e+00 6.437525868415832520e+00
4.787764728069305420e+00 6.860064715147018433e+00
5.104892075061798096e+00 7.128688603639602661e+00
5.039296448230743408e+00 7.098336614668369293e+00
4.921843558549880981e+00 6.947101481258869171e+00
4.914574818219989538e+00 6.838035330176353455e+00
4.973994114901870489e+00 6.818268898874521255e+00
4.990439129527658224e+00 6.855823449790477753e+00
4.956925017293542624e+00 6.893937155604362488e+00
4.929098089691251516e+00 6.905257862061262131e+00
4.931439389707520604e+00 6.889273697510361671e+00
4.941696287365630269e+00 6.869962526485323906e+00
4.926561038242653012e+00 6.870336426363792270e+00
4.893781083868816495e+00 6.888364789949264377e+00
4.877429186599329114e+00 6.910693796293344349e+00
4.900492756860330701e+00 6.920597939693834633e+00
4.933433595346286893e+00 6.921124367858283222e+00
4.944166182773187757e+00 6.926004020380787551e+00
4.944061308415257372e+00 6.925833431916544214e+00
4.960103319273912348e+00 6.908911567094037309e+00
4.966987028499715962e+00 6.878654170694062486e+00
4.944005936165922321e+00 6.855264805170008913e+00
4.914268392851226963e+00 6.845670010807225481e+00
4.900492438828223385e+00 6.846190001670038328e+00
4.914093110492103733e+00 6.850755478109931573e+00
4.937738135238760151e+00 6.859258436452364549e+00
4.947316212361329235e+00 6.875229189958190545e+00
4.935511145522468723e+00 6.900763423036551103e+00
4.925297297319048084e+00 6.923056307103252038e+00
4.930611065370612778e+00 6.927350343990838155e+00
4.946408639443689026e+00 6.910667730349814519e+00
4.959459635210805573e+00 6.880236884433543310e+00
4.958130153841921128e+00 6.859281167242443189e+00
4.945276745609589852e+00 6.858497604698641226e+00
4.934520063005038537e+00 6.872021295101149008e+00
4.930810478996136226e+00 6.887032179132802412e+00
4.925860820818343200e+00 6.891041901864809915e+00
4.907967595863738097e+00 6.896012213052017614e+00
4.895837534699239768e+00 6.904519105301005766e+00
4.917892911020317115e+00 6.909411990054650232e+00
4.956864417079486884e+00 6.910167121182894334e+00
4.983432993773021735e+00 6.909171842940850183e+00
4.982688055039034225e+00 6.905277454963652417e+00
4.959912554026232101e+00 6.901012922375230119e+00
4.935046772137866355e+00 6.888357906340388581e+00
4.926682707518921234e+00 6.864891829638509080e+00
4.930741201751516201e+00 6.841004649846581742e+00
4.926435229033813812e+00 6.840413669851841405e+00
4.917353897952125408e+00 6.868725045380415395e+00
4.922661407515988685e+00 6.908928519842447713e+00
4.941374177709803917e+00 6.938051168603124097e+00
4.947877057958976366e+00 6.950305997190298513e+00
4.946904220865690149e+00 6.936245864984812215e+00
4.958378796713077463e+00 6.892424492893042043e+00
4.974602039219462313e+00 6.836782834288896993e+00
4.968406047919415869e+00 6.804365380463423207e+00
4.930287249633693136e+00 6.819476936740102246e+00
4.901991024860762991e+00 6.866354916972341016e+00
4.910418747240328230e+00 6.888375290465774015e+00
4.942369545125984587e+00 6.880679318943293765e+00
4.955932976925396360e+00 6.867993727588327602e+00
4.938999936231994070e+00 6.866907790681580082e+00
4.912573784837150015e+00 6.878295731177786365e+00
4.910691723707714118e+00 6.889853006607154384e+00
4.938549004975357093e+00 6.891313200962031260e+00
4.963355109575786628e+00 6.893504923122236505e+00
4.954344767626025714e+00 6.909191545011708513e+00
4.934391654576756991e+00 6.930811194615671411e+00
4.936574480743729509e+00 6.936897483101347461e+00
4.952589758919202723e+00 6.922512804536381736e+00
4.955204688958474435e+00 6.902055259241024032e+00
4.953081050203763880e+00 6.883246912999311462e+00
4.967525184401893057e+00 6.868368350347736850e+00
4.984140519300126471e+00 6.865427576849469915e+00
4.982711661970824935e+00 6.874015471810707822e+00
4.963287122911424376e+00 6.886433915147790685e+00
4.943910103655070998e+00 6.892367854627082124e+00
4.933843328981311060e+00 6.881714481773087755e+00
4.925882176859886386e+00 6.867183712223777547e+00
4.911900321385473944e+00 6.862146524625131860e+00
4.894652612871141173e+00 6.873246217059204355e+00
4.892019265229464509e+00 6.889871789055177942e+00
4.910050758058787324e+00 6.898612926626810804e+00
4.941151748309493996e+00 6.891243111720541492e+00
4.967102656970382668e+00 6.874716245016315952e+00
4.971980655463994481e+00 6.864059832325438038e+00
4.957922893474460579e+00 6.863876548071857542e+00
4.949632231975556351e+00 6.870930755918379873e+00
4.951353673488483764e+00 6.877340339997317642e+00
4.941776044332073070e+00 6.884422442817594856e+00
4.910893249922082759e+00 6.902524298930075020e+00
4.886784162037656642e+00 6.918892378860618919e+00
4.892474556938395835e+00 6.919169898028485477e+00
4.916528883055434562e+00 6.906375945429317653e+00
4.940108551309094764e+00 6.888723269919864833e+00
4.948428985328064300e+00 6.877956887590698898e+00
