3.000000000000000000e+00 6.000000000000000000e+00
6.612870216369628906e+00 6.845718860626220703e+00
6.194243252277374268e+00 8.958739519119262695e+00
6.107881590723991394e+00 7.570526361465454102e+00
5.482780620455741882e+00 6.290690183639526367e+00
3.688668891787528992e+00 6.775712132453918457e+00
4.011688247323036194e+00 7.345837354660034180e+00
5.400967612862586975e+00 7.140933662652969360e+00
5.909180060029029846e+00 7.035902366042137146e+00
5.118146374821662903e+00 7.143391922116279602e+00
4.740776970982551575e+00 7.123425584286451340e+00
4.989526778459548950e+00 7.019082177430391312e+00
5.166587799787521362e+00 7.051168363541364670e+00
5.134527258574962616e+00 7.132968265563249588e+00
5.100013766437768936e+00 7.127889565192162991e+00
5.096635256428271532e+00 7.095519377849996090e+00
5.074034275952726603e+00 7.104353135451674461e+00
5.067774761468172073e+00 7.128391290083527565e+00
5.096367590129375458e+00 7.114447991363704205e+00
5.113247970119118690e+00 7.100903824903070927e+00
5.110096240881830454e+00 7.097161132376641035e+00
5.106390590779483318e+00 7.081248610746115446e+00
5.100093480199575424e+00 7.066260296385735273e+00
5.096306603867560625e+00 7.064776493003591895e+00
5.102704475633800030e+00 7.069015824003145099e+00
5.101353715406730771e+00 7.060649418039247394e+00
5.088923606323078275e+00 7.065227998187765479e+00
5.080465485574677587e+00 7.078390324255451560e+00
5.079498236416839063e+00 7.087752382969483733e+00
5.079574232324375771e+00 7.093610997078940272e+00
5.069515146649791859e+00 7.096093682805076241e+00
5.059519004411413334e+00 7.105892213294282556e+00
5.062001299214898609e+00 7.113137170905247331e+00
5.062402959956671111e+00 7.103528903098776937e+00
5.082836810543085448e+00 7.108564777532592416e+00
5.085860151375527494e+00 7.093816547887399793e+00
5.086908760873484425e+00 7.085778544889762998e+00
5.086960974535031710e+00 7.080843901494517922e+00
5.086708310474932659e+00 7.076785083161666989e+00
5.096348166880488861e+00 7.089354629861190915e+00
5.120964371082664002e+00 7.106230958597734571e+00
5.127694479138881434e+00 7.100402083946391940e+00
5.096922951699525584e+00 7.092347713885828853e+00
5.061281151087314356e+00 7.100674702553078532e+00
5.069087942545593251e+00 7.112046331865713000e+00
5.108176348214328755e+00 7.117935299174860120e+00
5.130823818450153340e+00 7.113547139102593064e+00
5.114185103630006779e+00 7.102615269133821130e+00
5.085733936582983006e+00 7.092599742347374558e+00
5.074286719267547596e+00 7.080647394293919206e+00
5.079298694101453293e+00 7.076793110929429531e+00
5.096417969507456291e+00 7.084076419007033110e+00
5.106144908299029339e+00 7.080155946779996157e+00
5.085429693986952771e+00 7.070140447933226824e+00
5.059887997289479245e+00 7.081707676406949759e+00
5.070314678778231610e+00 7.098389904480427504e+00
5.094829543908417691e+00 7.093136257026344538e+00
5.078127618362486828e+00 7.075133061502128839e+00
5.043627533545077313e+00 7.082247848156839609e+00
5.070432189335406292e+00 7.100828195456415415e+00
5.118513211091340054e+00 7.092278952244669199e+00
5.112912804768711794e+00 7.079094041604548693e+00
5.069095139340788592e+00 7.089522399473935366e+00
5.059735931405157316e+00 7.096498700324445963e+00
5.072497250461310614e+00 7.085564064327627420e+00
5.058274800838262308e+00 7.082167807035148144e+00
5.037158821658522356e+00 7.094292134977877140e+00
5.058155666054517496e+00 7.109690385870635509e+00
5.100671133906871546e+00 7.113401886541396379e+00
5.111881512166291941e+00 7.108640994410961866e+00
5.085854473472863901e+00 7.108506001080968417e+00
5.067871573330194224e+00 7.106878978913300671e+00
5.077217057296365965e+00 7.103201318779611029e+00
5.097712911614507902e+00 7.096953287502401508e+00
5.102912193578958977e+00 7.090434543104493059e+00
5.098102814932644833e+00 7.090648298370069824e+00
5.102679690760851372e+00 7.093215898596099578e+00
5.120381003660440911e+00 7.093836125786765479e+00
5.121712004947767127e+00 7.083213084246381186e+00
5.097062720167741645e+00 7.074993741567595862e+00
5.081904046419367660e+00 7.079822443294688128e+00
5.105883851829275955e+00 7.092144863549037836e+00
5.135592919024929870e+00 7.086439554448588751e+00
5.124302476826414932e+00 7.074058248530491255e+00
5.087377786818251479e+00 7.077099448404624127e+00
5.083648309759155381e+00 7.091874215155257843e+00
5.111390077225223649e+00 7.090171347939758562e+00
5.114543371084437240e+00 7.079802361884503625e+00
5.082223326149687637e+00 7.080651286509237252e+00
5.064271852555975784e+00 7.089248780612251721e+00
5.087511016237840522e+00 7.094245388623676263e+00
5.113069297927722801e+00 7.092919120201258920e+00
5.111193852913856972e+00 7.094216202720417641e+00
5.094966005948663224e+00 7.089592997319414280e+00
5.079401424569368828e+00 7.087706739650457166e+00
5.073623992451757658e+00 7.093997624804615043e+00
5.080313688093156088e+00 7.098366053876816295e+00
5.080951338466547895e+00 7.093489184146164916e+00
5.067664351146959234e+00 7.091338494195952080e+00
5.059978214390866924e+00 7.092027486578444950e+00
5.072082347534887958e+00 7.095375374701688997e+00
