1.332999999999999963e+00 4.000000000000000000e+00
2.872097896987206411e+00 4.342656837352991239e+00
4.243840774057149545e+00 4.722564124478749292e+00
4.358390616814423524e+00 4.765285167723043891e+00
3.760668065547454031e+00 4.576081590754143669e+00
3.298801798798827178e+00 4.447764688174431491e+00
3.342604584812822743e+00 4.504439275907734519e+00
3.530427758991014908e+00 4.616342902387940761e+00
3.571124922762593190e+00 4.668627294165647257e+00
3.519518049611754407e+00 4.651831221902129165e+00
3.496418975575386945e+00 4.609807094819440287e+00
3.529783923237567844e+00 4.580798209352880512e+00
3.562321554711115112e+00 4.576173878700320330e+00
3.558967287846491523e+00 4.585100276488117466e+00
3.537813347919129825e+00 4.593404350949183090e+00
3.526655310923106246e+00 4.593153843083870314e+00
3.527803256742527704e+00 4.587207725028894956e+00
3.520613213088072069e+00 4.584056886367206651e+00
3.496662309923712630e+00 4.587750440994127210e+00
3.471660181086711816e+00 4.596493867816104917e+00
3.469357318487781505e+00 4.604271469576660003e+00
3.486174223968367070e+00 4.608698263704223308e+00
3.500623935072999959e+00 4.612595501687708932e+00
3.507644738947915286e+00 4.614683044442312365e+00
3.521606937794412140e+00 4.610738789679258431e+00
3.535915893010869393e+00 4.599472984568936162e+00
3.533684142380233428e+00 4.586254830502348945e+00
3.517991197850544260e+00 4.576114463124011600e+00
3.503289222913577472e+00 4.570705716823137088e+00
3.504342578343200287e+00 4.569110611966929802e+00
3.519034599415346243e+00 4.570792795638020323e+00
3.531625231265308695e+00 4.576519869423623099e+00
3.528792732182032932e+00 4.587343385769298010e+00
3.517509964972428183e+00 4.599988963568939049e+00
3.511505847688695336e+00 4.608220649236983490e+00
3.516810975020877361e+00 4.607720366485795971e+00
3.529332285846147776e+00 4.598292542882177258e+00
3.538609349527856107e+00 4.586815071349139572e+00
3.538530413693037779e+00 4.580280425033467218e+00
3.532717925326592123e+00 4.580761882490119952e+00
3.526377326060278428e+00 4.585541184505352419e+00
3.518653530866687973e+00 4.589370222613841754e+00
3.502540419486308121e+00 4.592966760532691595e+00
3.485149678793005190e+00 4.597499395922050702e+00
3.487613418109691388e+00 4.601458639113856108e+00
3.511500182903208866e+00 4.603858707708506692e+00
3.540119809720228439e+00 4.604876522462093114e+00
3.555365993483724729e+00 4.604263710612986671e+00
3.550397511685835727e+00 4.602644663247708046e+00
3.533752914166188308e+00 4.597949576148604223e+00
3.521888510887964063e+00 4.588314453424206185e+00
3.521228026355358587e+00 4.575841540276918806e+00
3.521045281447483077e+00 4.568818506932064594e+00
3.515489706080637156e+00 4.573479853072083046e+00
3.512432178097907531e+00 4.588131011973010764e+00
3.517217365752206781e+00 4.604931625765428471e+00
3.519403462716214293e+00 4.617838147305526775e+00
3.517946418578032031e+00 4.620692185295501631e+00
3.525797315006738764e+00 4.609077512121852571e+00
3.545429890467551193e+00 4.585966655350830479e+00
3.559306805524713901e+00 4.563532231011844686e+00
3.548097184222104961e+00 4.555765365069110118e+00
3.524087944791356453e+00 4.565603340303483471e+00
3.512628668020621792e+00 4.577626039700880334e+00
3.523338393492960741e+00 4.581909389953763956e+00
3.537122540676155058e+00 4.580444425897572280e+00
3.534881276842684716e+00 4.579313811268543866e+00
3.517384884587987148e+00 4.582118702570173951e+00
3.505408591109962391e+00 4.587134394301927820e+00
3.514414104202401301e+00 4.590326275036654025e+00
3.533459969130646083e+00 4.592737276151145132e+00
3.537112927929729089e+00 4.598778849258363444e+00
3.524616727453666165e+00 4.608597536943650930e+00
3.516586618504648598e+00 4.615816848695896368e+00
3.521008567151943325e+00 4.615452150379101504e+00
3.526196899524032258e+00 4.609098586419727361e+00
3.530180557745809633e+00 4.599954268511850408e+00
3.543869638676411693e+00 4.590460395679582639e+00
3.563621409002201812e+00 4.584365428953441679e+00
3.574474556814995374e+00 4.583603622596787552e+00
3.568239934844547268e+00 4.586920869470989537e+00
3.552111609451601648e+00 4.590526332234882823e+00
3.536989869399681297e+00 4.589300600656792462e+00
3.524957902160287926e+00 4.584257169555123745e+00
3.511323415783981883e+00 4.579974126515578448e+00
3.493803575976920150e+00 4.580962236264153553e+00
3.481486694936914095e+00 4.586505358255358544e+00
3.483883991705764238e+00 4.592176727624659449e+00
3.503063809019974162e+00 4.593072492219469893e+00
3.529900333464814022e+00 4.588592945251054545e+00
3.549123764793883140e+00 4.582929142564290181e+00
3.552470129824325973e+00 4.579765733307559650e+00
3.549631494675810295e+00 4.580151387089349768e+00
3.548677226808746976e+00 4.582290927069299968e+00
3.541538463345875076e+00 4.585595429418038549e+00
3.517335814975942831e+00 4.592853905281566007e+00
3.487069249642203772e+00 4.601760837273687343e+00
3.471911552056239358e+00 4.606732531143445719e+00
3.477665209277244873e+00 4.605612730199295513e+00
3.496210261585653623e+00 4.599688371142550025e+00
3.513277275896875107e+00 4.593198575938288286e+00
