1.332999999999999963e+00 4.000000000000000000e+00
3.460777284665982556e+00 4.254385664212526841e+00
4.206362772373138270e+00 5.029575677752921692e+00
4.468632772657518792e+00 5.037445256943253291e+00
4.304130587923427953e+00 4.656799434355858303e+00
3.191823561225515249e+00 4.593787369935399489e+00
2.758644138275406110e+00 4.730694824137377630e+00
3.337725785917453614e+00 4.744197814982989314e+00
3.963991467182976791e+00 4.720015818801452490e+00
3.831304766305839493e+00 4.739076484828194324e+00
3.528362676023628630e+00 4.743531475180684076e+00
3.516423706502684876e+00 4.714590763787341210e+00
3.621003461703393267e+00 4.708359013466910881e+00
3.656047104243183909e+00 4.729543712957974932e+00
3.650141309984130444e+00 4.739642493694632641e+00
3.644404524582181004e+00 4.735448147055580925e+00
3.628101897344604421e+00 4.735803356265392949e+00
3.614008883874040290e+00 4.743228748257306115e+00
3.622600768478749789e+00 4.743109896301540118e+00
3.638230919913932215e+00 4.738970710611312143e+00
3.646024341956060955e+00 4.735573338184469350e+00
3.649680170712025440e+00 4.728922424563905658e+00
3.650170382951472003e+00 4.720763964620266151e+00
3.650032664560968421e+00 4.715840181516843366e+00
3.654657054008052963e+00 4.714413141291656117e+00
3.657149028147181458e+00 4.711113389229755199e+00
3.651515240176634869e+00 4.710679624182690262e+00
3.642717218517061983e+00 4.714400628090464451e+00
3.635982751120513612e+00 4.719258787180464765e+00
3.630948605214885827e+00 4.723687242379067897e+00
3.621027860865967174e+00 4.726864401069178712e+00
3.608341406541357710e+00 4.731555361486835309e+00
3.601449836568795693e+00 4.736309044441055605e+00
3.597386334605984448e+00 4.736027908774584461e+00
3.607237725029934339e+00 4.737388362794521690e+00
3.614963405610935876e+00 4.733698921078788757e+00
3.621079632059973186e+00 4.729256351599965491e+00
3.625710320102581985e+00 4.725333901305175388e+00
3.629180681690989285e+00 4.721960342151704459e+00
3.636944006066839208e+00 4.723889651734445749e+00
3.654675485750053188e+00 4.730024747988410105e+00
3.667424438995804170e+00 4.731638483738869638e+00
3.655991700849362314e+00 4.730101435466466775e+00
3.628161994162725890e+00 4.731762575035597607e+00
3.616604460338834315e+00 4.736094725581730280e+00
3.632506390826454989e+00 4.740243610974755661e+00
3.654184881015551944e+00 4.741200647760967612e+00
3.656454889450463597e+00 4.738437716026497881e+00
3.641734081849230087e+00 4.733908744505721522e+00
3.628410440770843959e+00 4.727828021686992344e+00
3.625657096469057095e+00 4.723331533960720030e+00
3.635037162556711277e+00 4.723054540615820862e+00
3.646309839022124244e+00 4.721723277424403342e+00
3.640869380130766331e+00 4.717980095229266979e+00
3.622713134293336079e+00 4.719405107269798449e+00
3.617804683829973555e+00 4.725204994098625377e+00
3.628869985190616099e+00 4.726807841930370735e+00
3.625518691040727770e+00 4.722272313754500850e+00
3.603534933188794032e+00 4.721923207758313978e+00
3.606665210098334295e+00 4.727320407488084797e+00
3.636586310621045648e+00 4.727710938244312544e+00
3.650266832884900392e+00 4.723959337132748182e+00
3.631673458220719741e+00 4.725037193191426788e+00
3.615224265357402711e+00 4.727727150255856436e+00
3.613875689749783238e+00 4.725914412494695682e+00
3.605161500060500845e+00 4.723897964096856583e+00
3.587461789877483653e+00 4.726438210449058097e+00
3.588987422599265731e+00 4.732463959039961310e+00
3.613877478335425053e+00 4.736887391189033458e+00
3.633568297821724080e+00 4.737882984829968613e+00
3.628506194669814278e+00 4.738388770857778987e+00
3.614886920114078972e+00 4.738176960102831181e+00
3.613280371031088123e+00 4.736954530496221061e+00
3.625335457587469890e+00 4.734404261301574657e+00
3.635992243247367028e+00 4.731043851813489631e+00
3.639673628591247656e+00 4.729263976435230887e+00
3.644699065154775042e+00 4.729059419263766273e+00
3.658117236053146648e+00 4.729133713894082547e+00
3.666841185743770382e+00 4.725979162032636793e+00
3.657938253304270582e+00 4.721775601978057679e+00
3.644594175781983747e+00 4.720921064947277479e+00
3.651216610571180521e+00 4.724158559039113747e+00
3.672321992320138673e+00 4.724219233567871434e+00
3.677770123059876717e+00 4.720528395924846521e+00
3.659192367860244488e+00 4.719417527582111305e+00
3.646196491686604535e+00 4.723252012141732514e+00
3.655003658693040780e+00 4.724844199696459413e+00
3.661946329154853963e+00 4.722599104021904637e+00
3.646760241507198685e+00 4.721622321941171485e+00
3.627375243579102460e+00 4.723672309161983662e+00
3.629996070467171432e+00 4.726300282209026093e+00
3.646304835877340889e+00 4.727343637945668142e+00
3.653827712353024726e+00 4.728306393542935027e+00
3.648233119812518854e+00 4.727444149630955827e+00
3.636090800887462837e+00 4.726403565511572147e+00
3.625838954337034181e+00 4.727724725557497898e+00
3.623710342178569022e+00 4.729763695236770538e+00
3.622742388869547359e+00 4.729415892072259098e+00
3.614410746875858393e+00 4.728578085168038569e+00
3.605360975815274038e+00 4.728325528403789058e+00
3.607550006292494338e+00 4.729193924799742987e+00
