9.270000000000000462e-01 3.177799999999999727e+02 6.590000000000000302e-01
9.061491791066874635e-01 3.241277415902063126e+02 6.590000000000000302e-01
8.871843899478273343e-01 3.245289447786679489e+02 6.590000000000000302e-01
8.805426261618694017e-01 3.245208680268215176e+02 6.590000000000000302e-01
8.785717545761304592e-01 3.245067142146556307e+02 6.590000000000000302e-01
8.780140688798518944e-01 3.245016299961429809e+02 6.590000000000000302e-01
8.778587073377243089e-01 3.245001045712428436e+02 6.590000000000000302e-01
8.778156496273725740e-01 3.244996718459075282e+02 6.590000000000000302e-01
8.778038371353411584e-01 3.244995476294882906e+02 6.590000000000000302e-01
8.778006146202020910e-01 3.244995143092302783e+02 6.590000000000000302e-01
8.777997393047601848e-01 3.244995055891948823e+02 6.590000000000000302e-01
8.777994967249056479e-01 3.244995035014198379e+02 6.590000000000000302e-01
8.777994277943435009e-01 3.244995029060651746e+02 6.590000000000000302e-01
8.777994068238701431e-01 3.244995027357719550e+02 6.590000000000000302e-01
8.777993995017743245e-01 3.244995027089470341e+02 6.590000000000000302e-01
8.777993969322853696e-01 3.244995026939010359e+02 6.590000000000000302e-01
8.777993961109520349e-01 3.244995026858719029e+02 6.590000000000000302e-01
8.777993958001385488e-01 3.244995026820889166e+02 6.590000000000000302e-01
8.777993956815328680e-01 3.244995026810024683e+02 6.590000000000000302e-01
8.777993956351128890e-01 3.244995026807837917e+02 6.590000000000000302e-01
8.777993956166799672e-01 3.194995026807216618e+02 6.590000000000000302e-01
8.705379718313318582e-01 3.283894493040238558e+02 6.590000000000000302e-01
8.652439240525581221e-01 3.247930683981974198e+02 6.590000000000000302e-01
8.733529975978974180e-01 3.244956753619950973e+02 6.590000000000000302e-01
8.764749223339308726e-01 3.244900985364262738e+02 6.590000000000000302e-01
8.774241222459510103e-01 3.244960916899045174e+02 6.590000000000000302e-01
8.776948250920314498e-01 3.244984765137697309e+02 6.590000000000000302e-01
8.777705064476349905e-01 3.244992079312355031e+02 6.590000000000000302e-01
8.777914820626900871e-01 3.244994206739639253e+02 6.590000000000000302e-01
8.777972435639807003e-01 3.244994803683052282e+02 6.590000000000000302e-01
8.777988008828979671e-01 3.244994974510514680e+02 6.590000000000000302e-01
8.777992244811297917e-01 3.244995013073032624e+02 6.590000000000000302e-01
8.777993431964160598e-01 3.244995023012170918e+02 6.590000000000000302e-01
8.777993773516219456e-01 3.244995025912970732e+02 6.590000000000000302e-01
8.777993892603319637e-01 3.244995026354411607e+02 6.590000000000000302e-01
8.777993934418345523e-01 3.244995026592272325e+02 6.590000000000000302e-01
8.777993947799890284e-01 3.244995026721218210e+02 6.590000000000000302e-01
8.777993952866116611e-01 3.244995026782661398e+02 6.590000000000000302e-01
8.777993954798914977e-01 3.244995026800510232e+02 6.590000000000000302e-01
8.777993955554933558e-01 3.244995026804146505e+02 6.590000000000000302e-01
