1.000000000000000000e+00
1.102250076637358234e+01
1.039546734001702077e+01
1.015295355053502746e+01
1.005915717743542359e+01
1.002287987674442959e+01
1.000884927768861132e+01
1.000342257819620251e+01
1.000132391414668476e+01
1.000051208363756139e+01
1.000019797646586284e+01
1.000007660498601503e+01
1.000002955403833660e+01
1.000001136103254851e+01
1.000000436703056117e+01
1.000000166828536585e+01
1.000000066194382775e+01
1.000000026595979108e+01
1.000000010949018581e+01
1.000000004743447590e+01
1.000000002204971139e+01
1.000000000911793663e+01
1.000000000465989913e+01
1.000000000187193194e+01
1.000000000113040777e+01
1.000000000084338048e+01
1.000000000073170092e+01
1.000000000068659567e+01
1.000000000066365757e+01
1.000000000063900529e+01
1.000000000058414074e+01
