5.000000000000000000e-01
3.259550345461169840e+00
4.326851859989681692e+00
4.739648833063492717e+00
4.899305014031279271e+00
4.961054443470209740e+00
4.984937178467663266e+00
4.994174005808261541e+00
4.997746626881788501e+00
4.999128545062239581e+00
4.999662919853434140e+00
4.999869709683498975e+00
4.999949698731646741e+00
4.999980591860685664e+00
4.999992527155435518e+00
4.999997097762051368e+00
4.999998865648582758e+00
4.999999551830175193e+00
4.999999819097582510e+00
4.999999924348297320e+00
4.999999968932331562e+00
4.999999987257691458e+00
4.999999995010445453e+00
4.999999997888311398e+00
4.999999999188405653e+00
4.999999999787378968e+00
5.000000000068327566e+00
5.000000000201874073e+00
5.000000000264988920e+00
5.000000000291464630e+00
5.000000000291758617e+00
