1.964400000000000000e+04 1.975000000000000000e+04 1.993000000000000000e+04 1.997300000000000000e+04 1.997300000000000000e+04 1.997100000000000000e+04 1.982700000000000000e+04 1.979900000000000000e+04 2.014000000000000000e+04 2.002900000000000000e+04 1.960800000000000000e+04 1.996100000000000000e+04 1.981300000000000000e+04 1.986300000000000000e+04 1.988900000000000000e+04 1.998200000000000000e+04 1.971700000000000000e+04 1.992200000000000000e+04 1.988600000000000000e+04 2.058700000000000000e+04 6.534000000000000000e+04
1.948000000000000000e+03 1.972000000000000000e+03 1.959000000000000000e+03 1.942000000000000000e+03 1.903000000000000000e+03 1.932000000000000000e+03 1.956000000000000000e+03 1.919000000000000000e+03 1.958000000000000000e+03 1.932000000000000000e+03 1.926000000000000000e+03 1.970000000000000000e+03 1.916000000000000000e+03 1.994000000000000000e+03 1.953000000000000000e+03 1.885000000000000000e+03 1.918000000000000000e+03 1.880000000000000000e+03 1.917000000000000000e+03 2.016000000000000000e+03 6.316000000000000000e+03
2.014000000000000000e+03 1.978000000000000000e+03 2.003000000000000000e+03 1.925000000000000000e+03 2.029000000000000000e+03 2.003000000000000000e+03 1.984000000000000000e+03 2.047000000000000000e+03 2.008000000000000000e+03 1.977000000000000000e+03 1.998000000000000000e+03 2.000000000000000000e+03 1.919000000000000000e+03 2.005000000000000000e+03 1.956000000000000000e+03 2.043000000000000000e+03 2.020000000000000000e+03 2.026000000000000000e+03 1.900000000000000000e+03 2.013000000000000000e+03 6.511000000000000000e+03
2.137000000000000000e+03 2.102000000000000000e+03 2.052000000000000000e+03 2.161000000000000000e+03 2.157000000000000000e+03 2.076000000000000000e+03 2.185000000000000000e+03 2.149000000000000000e+03 2.244000000000000000e+03 2.072000000000000000e+03 2.084000000000000000e+03 2.098000000000000000e+03 2.147000000000000000e+03 2.124000000000000000e+03 2.106000000000000000e+03 2.086000000000000000e+03 2.163000000000000000e+03 2.084000000000000000e+03 2.109000000000000000e+03 2.144000000000000000e+03 7.095000000000000000e+03
2.268000000000000000e+03 2.234000000000000000e+03 2.245000000000000000e+03 2.239000000000000000e+03 2.250000000000000000e+03 2.204000000000000000e+03 2.297000000000000000e+03 2.253000000000000000e+03 2.292000000000000000e+03 2.220000000000000000e+03 2.357000000000000000e+03 2.390000000000000000e+03 2.199000000000000000e+03 2.237000000000000000e+03 2.274000000000000000e+03 2.246000000000000000e+03 2.291000000000000000e+03 2.295000000000000000e+03 2.443000000000000000e+03 7.302000000000000000e+03 2.252000000000000000e+03
2.370000000000000000e+03 2.305000000000000000e+03 2.345000000000000000e+03 2.324000000000000000e+03 2.360000000000000000e+03 2.374000000000000000e+03 2.358000000000000000e+03 2.254000000000000000e+03 2.321000000000000000e+03 2.312000000000000000e+03 2.257000000000000000e+03 2.354000000000000000e+03 2.328000000000000000e+03 2.413000000000000000e+03 2.395000000000000000e+03 2.291000000000000000e+03 2.363000000000000000e+03 7.462000000000000000e+03 2.598000000000000000e+03 2.463000000000000000e+03 2.207000000000000000e+03
2.305000000000000000e+03 2.331000000000000000e+03 2.307000000000000000e+03 2.459000000000000000e+03 2.338000000000000000e+03 2.364000000000000000e+03 2.361000000000000000e+03 2.286000000000000000e+03 2.327000000000000000e+03 2.332000000000000000e+03 2.354000000000000000e+03 2.382000000000000000e+03 2.319000000000000000e+03 2.333000000000000000e+03 2.321000000000000000e+03 2.507000000000000000e+03 7.706000000000000000e+03 2.374000000000000000e+03 2.373000000000000000e+03 2.352000000000000000e+03 2.247000000000000000e+03
2.488000000000000000e+03 2.272000000000000000e+03 2.312000000000000000e+03 2.403000000000000000e+03 2.340000000000000000e+03 2.344000000000000000e+03 2.466000000000000000e+03 2.328000000000000000e+03 2.251000000000000000e+03 2.431000000000000000e+03 2.435000000000000000e+03 2.379000000000000000e+03 2.374000000000000000e+03 2.332000000000000000e+03 7.834000000000000000e+03 2.364000000000000000e+03 2.321000000000000000e+03 2.361000000000000000e+03 2.353000000000000000e+03 2.431000000000000000e+03 2.281000000000000000e+03
2.360000000000000000e+03 2.453000000000000000e+03 2.378000000000000000e+03 2.359000000000000000e+03 2.371000000000000000e+03 2.375000000000000000e+03 2.454000000000000000e+03 2.330000000000000000e+03 2.360000000000000000e+03 2.341000000000000000e+03 2.393000000000000000e+03 2.346000000000000000e+03 2.426000000000000000e+03 7.842000000000000000e+03 2.406000000000000000e+03 2.455000000000000000e+03 2.462000000000000000e+03 2.511000000000000000e+03 2.282000000000000000e+03 2.328000000000000000e+03 2.442000000000000000e+03
2.704000000000000000e+03 2.924000000000000000e+03 2.849000000000000000e+03 2.809000000000000000e+03 2.832000000000000000e+03 2.787000000000000000e+03 2.854000000000000000e+03 2.810000000000000000e+03 2.848000000000000000e+03 2.854000000000000000e+03 2.849000000000000000e+03 9.337000000000000000e+03 2.719000000000000000e+03 2.849000000000000000e+03 2.787000000000000000e+03 2.819000000000000000e+03 2.770000000000000000e+03 2.799000000000000000e+03 2.782000000000000000e+03 2.750000000000000000e+03 2.810000000000000000e+03
4.503000000000000000e+03 4.578000000000000000e+03 4.708000000000000000e+03 4.784000000000000000e+03 4.642000000000000000e+03 4.612000000000000000e+03 4.644000000000000000e+03 4.662000000000000000e+03 4.616000000000000000e+03 4.640000000000000000e+03 1.538200000000000000e+04 4.665000000000000000e+03 4.612000000000000000e+03 4.610000000000000000e+03 4.694000000000000000e+03 4.601000000000000000e+03 4.716000000000000000e+03 4.507000000000000000e+03 4.531000000000000000e+03 4.727000000000000000e+03 4.672000000000000000e+03
2.692000000000000000e+03 2.625000000000000000e+03 2.692000000000000000e+03 2.624000000000000000e+03 2.650000000000000000e+03 2.691000000000000000e+03 2.739000000000000000e+03 2.818000000000000000e+03 2.721000000000000000e+03 8.835000000000000000e+03 2.743000000000000000e+03 2.726000000000000000e+03 2.677000000000000000e+03 2.699000000000000000e+03 2.664000000000000000e+03 2.669000000000000000e+03 2.738000000000000000e+03 2.734000000000000000e+03 2.753000000000000000e+03 2.652000000000000000e+03 2.752000000000000000e+03
2.274000000000000000e+03 2.179000000000000000e+03 2.172000000000000000e+03 2.149000000000000000e+03 2.191000000000000000e+03 2.166000000000000000e+03 2.217000000000000000e+03 7.232000000000000000e+03 2.310000000000000000e+03 2.178000000000000000e+03 2.217000000000000000e+03 2.260000000000000000e+03 2.146000000000000000e+03 2.187000000000000000e+03 2.159000000000000000e+03 2.229000000000000000e+03 2.156000000000000000e+03 2.216000000000000000e+03 2.374000000000000000e+03 2.167000000000000000e+03 2.131000000000000000e+03
2.161000000000000000e+03 2.057000000000000000e+03 2.075000000000000000e+03 2.111000000000000000e+03 2.085000000000000000e+03 2.065000000000000000e+03 6.996000000000000000e+03 2.063000000000000000e+03 2.117000000000000000e+03 2.117000000000000000e+03 2.101000000000000000e+03 2.090000000000000000e+03 2.151000000000000000e+03 2.099000000000000000e+03 2.089000000000000000e+03 2.046000000000000000e+03 2.107000000000000000e+03 2.043000000000000000e+03 2.180000000000000000e+03 2.151000000000000000e+03 2.120000000000000000e+03
1.971000000000000000e+03 1.897000000000000000e+03 1.865000000000000000e+03 1.933000000000000000e+03 1.963000000000000000e+03 6.314000000000000000e+03 1.933000000000000000e+03 1.894000000000000000e+03 1.914000000000000000e+03 2.010000000000000000e+03 2.012000000000000000e+03 2.048000000000000000e+03 1.849000000000000000e+03 1.935000000000000000e+03 1.868000000000000000e+03 1.899000000000000000e+03 1.850000000000000000e+03 1.918000000000000000e+03 2.005000000000000000e+03 1.884000000000000000e+03 1.869000000000000000e+03
1.819000000000000000e+03 1.802000000000000000e+03 1.850000000000000000e+03 3.492000000000000000e+03 4.379000000000000000e+03 1.802000000000000000e+03 1.820000000000000000e+03 1.905000000000000000e+03 1.948000000000000000e+03 1.876000000000000000e+03 1.839000000000000000e+03 1.779000000000000000e+03 1.893000000000000000e+03 1.903000000000000000e+03 1.866000000000000000e+03 1.905000000000000000e+03 1.877000000000000000e+03 1.863000000000000000e+03 1.818000000000000000e+03 1.888000000000000000e+03 1.932000000000000000e+03
1.836000000000000000e+03 1.844000000000000000e+03 5.391000000000000000e+03 2.556000000000000000e+03 1.905000000000000000e+03 1.754000000000000000e+03 1.775000000000000000e+03 1.761000000000000000e+03 1.841000000000000000e+03 1.789000000000000000e+03 1.800000000000000000e+03 1.759000000000000000e+03 1.787000000000000000e+03 1.841000000000000000e+03 1.779000000000000000e+03 1.776000000000000000e+03 1.798000000000000000e+03 1.745000000000000000e+03 1.808000000000000000e+03 1.798000000000000000e+03 1.803000000000000000e+03
1.723000000000000000e+03 5.102000000000000000e+03 2.076000000000000000e+03 1.605000000000000000e+03 1.710000000000000000e+03 1.646000000000000000e+03 1.623000000000000000e+03 1.617000000000000000e+03 1.616000000000000000e+03 1.629000000000000000e+03 1.736000000000000000e+03 1.718000000000000000e+03 1.594000000000000000e+03 1.684000000000000000e+03 1.660000000000000000e+03 1.704000000000000000e+03 1.646000000000000000e+03 1.655000000000000000e+03 1.627000000000000000e+03 1.661000000000000000e+03 1.638000000000000000e+03
5.186000000000000000e+03 1.626000000000000000e+03 1.667000000000000000e+03 1.592000000000000000e+03 1.580000000000000000e+03 1.651000000000000000e+03 1.545000000000000000e+03 1.610000000000000000e+03 1.474000000000000000e+03 1.504000000000000000e+03 1.562000000000000000e+03 1.553000000000000000e+03 1.567000000000000000e+03 1.583000000000000000e+03 1.557000000000000000e+03 1.637000000000000000e+03 1.577000000000000000e+03 1.556000000000000000e+03 1.585000000000000000e+03 1.542000000000000000e+03 1.609000000000000000e+03
4.508000000000000000e+03 1.307000000000000000e+03 1.367000000000000000e+03 1.394000000000000000e+03 1.339000000000000000e+03 1.343000000000000000e+03 1.412000000000000000e+03 1.339000000000000000e+03 1.389000000000000000e+03 1.408000000000000000e+03 1.429000000000000000e+03 1.413000000000000000e+03 1.382000000000000000e+03 1.322000000000000000e+03 1.335000000000000000e+03 1.354000000000000000e+03 1.369000000000000000e+03 1.368000000000000000e+03 1.416000000000000000e+03 1.367000000000000000e+03 1.397000000000000000e+03
7.652600000000000000e+04 2.493400000000000000e+04 2.338600000000000000e+04 2.316900000000000000e+04 2.339000000000000000e+04 2.323500000000000000e+04 2.306400000000000000e+04 2.322200000000000000e+04 2.339500000000000000e+04 2.308400000000000000e+04 2.343900000000000000e+04 2.321600000000000000e+04 2.348500000000000000e+04 2.334600000000000000e+04 2.323800000000000000e+04 2.295800000000000000e+04 2.327300000000000000e+04 2.334300000000000000e+04 2.330300000000000000e+04 2.329400000000000000e+04 2.325500000000000000e+04
