-2.795046453559889414e+02 -2.857539581543537111e+02 -3.102176723853848443e+02 -2.930419068244528376e+02 -2.950784438806271623e+02 -2.852424257657062299e+02 -2.960061045060857623e+02 -2.903758730709636211e+02 -2.886399237560806910e+02 -2.899504889835230301e+02 -2.880755219530975069e+02 -2.838334008999203206e+02 -2.806151363157983383e+02 -2.473065122563036766e+02 -2.643695488138975520e+02 -2.647938257243618523e+02 -2.582033615206374293e+02 -2.178257269754227821e+02 -2.179949474386451698e+02 -2.167142824307700266e+02 -2.206273012232284145e+02
-8.512753958206454286e+01 -6.444595286830136160e+01 -8.977192176861814232e+01 -1.478725181458798943e+02 -2.234890744842767276e+02 -1.477219377186588929e+02 -1.108205490549826777e+02 -8.881135060209632570e+01 -7.855512747869133250e+01 -2.232051801168703093e+02 -1.244591374840472469e+02 -7.837073636559028955e+01 -8.277190645626531307e+01 -9.999789229376349908e+01 -7.616275341231502694e+01 -3.937934492459622504e+01 -5.656198141773187160e+01 -6.415413976072400715e+01 -8.436542421768893973e+01 -4.031885225813015694e+01 -3.459355695074393111e+01
-2.274827352057519647e+02 -1.908210213483304472e+02 -3.275109446043207129e+01 -1.691888846602338674e+02 -2.338879583559304365e+02 -1.737475393162468862e+01 -4.175332908750306160e+01 -2.358338319901797036e+02 -1.208867062031151249e+02 -1.275392211714187738e+02 -1.371245384782470467e+02 -1.396421936780988915e+02 -6.018358050227860900e+01 -1.048179864669701686e+02 -1.027631144109002435e+02 -6.914605567531467045e+01 -5.063804874556677760e+01 -1.769104762158885080e+01 -2.437817896646965821e+01 -2.354847344728327840e+01 -1.255613005385321479e+01
-2.424538798527184440e+02 -2.421538160057540949e+02 -2.549274683879981751e+02 -2.708245996571454270e+02 -6.244318049704427409e+01 -2.360335565542193592e+02 -3.534410740514738336e+01 -1.231604795982049154e+02 -7.762763179961018167e+00 -1.287944186506359188e+02 -9.660155647048665628e+01 -1.149500642857788080e+02 -8.342174938243059046e+01 -6.709396179687411177e+01 -6.095808811368688396e+01 -4.399429849121590763e+01 -3.431235699575161391e+01 -1.723670311321929560e+01 -1.065183788730468351e+01 -5.500997187613907435e+00 -5.355818800076860065e+00
-2.911631450729653920e+02 -3.031880030475988406e+02 -2.801746697266289630e+02 -2.526163434552273372e+02 -2.282433284212727926e+02 -1.326637656324749912e+02 -1.526714349493778968e+02 -1.416182015992375227e+02 -1.358702526283432519e+02 -1.339612330422795594e+02 -1.230375200462372476e+02 -1.034707010474267008e+02 -7.855985170829157482e+01 -6.307311643545600788e+01 -4.297882900253245708e+01 -2.801978597177197372e+01 -1.439809924928406915e+01 -8.581770907052852948e+00 -5.818514675962857652e+00 -5.817500204021788690e+00 -6.190053662192622319e+00
-3.059979584735602316e+02 -2.396151315976254637e+02 -2.000509516590550732e+02 -1.917243655625170504e+02 -1.506041606927072394e+02 -1.339575730054383484e+02 -1.197698495294549019e+02 -1.358416801958317706e+02 -1.294606293292711143e+02 -1.238273846420810287e+02 -9.029755731273326091e+01 -7.039881361888136269e+01 -5.453304940947815282e+01 -3.688989887464990858e+01 -1.667229322818322856e+01 -1.375137768610712463e+01 -6.273260298704956384e+00 -5.230059312759883561e+00 -5.232891100218101776e+00 -9.769449624409695332e+00 -1.893472554894942661e+01
-2.416051747360154707e+02 -2.084323882854367014e+02 -1.870163152662288439e+02 -1.452272705599960432e+02 -1.490669561372288285e+02 -1.212737376463064578e+02 -1.270101751488706014e+02 -1.166140558881528477e+02 -1.010486153889234799e+02 -7.239458902918491390e+01 -6.388714852602666383e+01 -4.266801877547219846e+01 -2.828634781532580078e+01 -1.380229565386661505e+01 -1.021835003270003561e+01 -4.616475400113372984e+00 -4.613774005759810670e+00 -5.203496197791957378e+00 -1.269062319145287709e+01 -2.595653530911850737e+01 -3.818382853560635226e+01
-1.704940481024304120e+02 -1.409885529744136363e+02 -1.321019437303231996e+02 -1.411287632395063554e+02 -1.321445710764641035e+02 -1.317111461553128322e+02 -1.265242835238006762e+02 -8.853935470981481615e+01 -6.679740065924917758e+01 -4.699496802014294161e+01 -3.790658411591721944e+01 -2.414341127450987656e+01 -1.343778824618545720e+01 -4.977458494387799526e+00 -4.694267871697986649e+00 -4.696656661012768019e+00 -9.243057165342619896e+00 -1.576840700483125879e+01 -4.044063310930242494e+01 -4.279411744461037159e+01 -7.317467206266839241e+01
-1.529042332214703208e+02 -1.441154850086678039e+02 -1.381717834309539796e+02 -1.208697646773920269e+02 -1.247499004974190768e+02 -1.065604260447956619e+02 -7.935551252353494078e+01 -6.247180240508986770e+01 -4.386646855698189285e+01 -2.718596070677014609e+01 -1.828976222405952612e+01 -8.771945727042435692e+00 -4.312857917803558649e+00 -4.309368007335079298e+00 -5.047466388579622709e+00 -1.239518511318623339e+01 -2.805085634322638555e+01 -3.701286055173835621e+01 -7.481588914057491024e+01 -8.012537902102022258e+01 -8.819555937418132885e+01
-1.499030712960837377e+02 -1.454285371312790858e+02 -1.292341796699157328e+02 -1.243487980096848986e+02 -9.712935916611185405e+01 -7.868614707931634200e+01 -5.223086866134590167e+01 -3.686526702386571941e+01 -2.270915961903518721e+01 -1.135484044497133560e+01 -5.009835597290037690e+00 -4.798914232164409377e+00 -4.821844879799071393e+00 -1.128599215389870558e+01 -2.071599655490743785e+01 -3.197325157195880152e+01 -5.308846980116402392e+01 -8.387402284872599978e+01 -1.087358412050473504e+02 -1.236019657293104075e+02 -1.405118168793049449e+02
-1.496859177199740145e+02 -1.375752721465181594e+02 -1.214098021987458651e+02 -9.684851224731991692e+01 -7.264676786567562772e+01 -5.224607223875077722e+01 -3.458143885585353416e+01 -2.127494459235032309e+01 -1.132887921562221045e+01 -5.659435005896184201e+00 -4.758537982585285597e+00 -5.642973895902668957e+00 -1.187448804588747464e+01 -2.309000925448741981e+01 -3.840565395276928484e+01 -6.003544996798608224e+01 -8.612347360140306307e+01 -1.161189044166626587e+02 -1.414303297554486107e+02 -1.513136183055982826e+02 -1.523069755262866352e+02
-1.271315086776076839e+02 -1.107062326633867144e+02 -1.025475120480783602e+02 -7.352679115734967752e+01 -4.826588025410179483e+01 -3.427357060811976197e+01 -1.951655771066413791e+01 -9.990619075928792725e+00 -4.768695327719752797e+00 -4.723430850820051319e+00 -6.243444710175753976e+00 -1.256060992239944696e+01 -2.480353218814667926e+01 -3.916591756530029755e+01 -6.234614824843890091e+01 -9.391813939974692005e+01 -1.176840535495965128e+02 -1.340969870335013638e+02 -1.407877700979172744e+02 -1.393456270036066371e+02 -2.152459789591678998e+02
-1.072098133005454912e+02 -7.125729546503752942e+01 -5.620764863051338978e+01 -3.928509770944400259e+01 -2.772479063294037971e+01 -1.112582872842217974e+01 -7.005566575741199564e+00 -4.426399740922047243e+00 -4.431400096978205916e+00 -5.668839438061602287e+00 -1.613294702649905688e+01 -3.072881166667756148e+01 -4.908212005865306082e+01 -6.111164227756997036e+01 -8.615745844964506261e+01 -1.138828354077966480e+02 -1.299249695126197537e+02 -1.377719816313955334e+02 -1.323316388791012628e+02 -1.726992417577875472e+02 -3.238779050342432129e+02
-5.617759215198282874e+01 -4.323558401279086638e+01 -3.745479627719271321e+01 -1.544648250855397720e+01 -1.089198345154331093e+01 -4.114071791062310801e+00 -4.068454654058061060e+00 -4.912478182784474789e+00 -9.555922856940428645e+00 -1.964925566827402648e+01 -3.764272196792372682e+01 -4.744464435238075595e+01 -7.544342829603900213e+01 -9.828233577802559751e+01 -1.209497867295168163e+02 -1.321409342204327118e+02 -1.173292045168173843e+02 -1.689850879120256195e+02 -1.466391566673632383e+02 -2.908238304818796678e+02 -3.374490009925573872e+02
-3.504379329411309385e+01 -2.247517549661863256e+01 -1.524324499446896652e+01 -8.829530652021464476e+00 -4.531147900584465482e+00 -4.392105021889332050e+00 -4.843362388213473757e+00 -1.243062513513562273e+01 -2.090724202425552747e+01 -4.511696870708525609e+01 -6.046109669625151639e+01 -8.784064248407433695e+01 -1.180472111455899409e+02 -1.265059219461592903e+02 -1.365924696792401676e+02 -1.210697403154261451e+02 -1.447389572129160626e+02 -2.410038000467577319e+02 -3.487016031380400136e+02 -2.605029069118630218e+02 -3.613503261187238422e+02
-2.115247750486463119e+01 -1.640257904481140017e+01 -6.561844652590417937e+00 -4.816260496695710991e+00 -4.828871332273451777e+00 -7.337814660400737488e+00 -1.646579216856945749e+01 -2.690262026047408739e+01 -5.310587571162378850e+01 -6.453907038785612826e+01 -8.544165364353084158e+01 -1.139754486293517175e+02 -1.226117932085429914e+02 -1.398854964183835250e+02 -1.403246183819249779e+02 -1.583839698869276162e+02 -2.129559946817531682e+02 -2.846300036852680932e+02 -3.191464091002758323e+02 -2.879022688451701697e+02 -2.991554918931976772e+02
-1.061274606006002941e+01 -6.611499289171772098e+00 -4.532589631182418088e+00 -4.531911013849277303e+00 -1.028360750999676654e+01 -2.026979214578253874e+01 -2.783229208591277271e+01 -4.402115186970892324e+01 -6.648165214887879415e+01 -8.672375792349667734e+01 -1.306000514472649456e+02 -1.294263199545351313e+02 -1.316440620183423391e+02 -1.244961140663608745e+02 -2.004731781961291972e+02 -2.688169935660440615e+02 -3.020506381493665344e+02 -2.701336566482592048e+02 -3.048150721037314952e+02 -2.886749390973168374e+02 -2.889197804766322406e+02
-4.770311015746007577e+00 -4.700610040361129727e+00 -4.706394455912396246e+00 -1.291390155147219154e+01 -2.279726674230383665e+01 -3.354008817436594114e+01 -4.747534778365772468e+01 -6.660341934446537948e+01 -9.059653206673775117e+01 -1.194662442498372172e+02 -1.237216421139049771e+02 -1.210273377746850656e+02 -1.233000285723371263e+02 -2.388798208171309909e+02 -2.975042729570714641e+02 -2.607097806176024619e+02 -1.882911148955859915e+02 -2.379008909213446827e+02 -2.707805942932238850e+02 -3.035651839918407404e+02 -2.718067879278996770e+02
-4.352786504192232009e+00 -4.600849783269589821e+00 -1.099233980112629183e+01 -1.795452885199388859e+01 -2.274772460925396445e+01 -4.409611433236912603e+01 -6.136841906497704713e+01 -7.396582699457209742e+01 -8.111786379316922080e+01 -9.863430563571175469e+01 -1.366483231429922114e+02 -1.298322426897038611e+02 -2.429355083789011474e+02 -2.492612576693251754e+02 -1.877424716518024468e+02 -2.550706219194453865e+02 -2.155667717371283132e+01 -3.364687271261557271e+02 -1.769442923053574077e+02 -2.433564861501182861e+02 -2.773385114242275904e+02
-4.747831832982718048e+00 -6.730829410810419411e+00 -1.128622833380519097e+01 -2.185048264291204845e+01 -3.397765651294648848e+01 -5.657394836860366638e+01 -6.362631031007667559e+01 -4.004296999959282033e+01 -4.157020029376808168e+01 -1.527771562044174125e+01 -9.183918646280912412e+01 -1.900484472782200100e+02 -9.948298741915471055e+01 -1.112018727830953324e+01 -6.233828050584858715e+01 -1.119320209891048563e+02 -3.455186868184736682e+01 -4.205209304757333655e+01 -9.001149450836788901e+01 -2.389101956796595800e+02 -7.566997482037395173e+01
-3.978578343619190605e+02 -1.925506724959745100e+02 -4.588117620251337030e+02 -4.310412643355921318e+02 -4.700198423480551355e+02 -5.254849995353612258e+02 -4.480572047105476372e+02 -4.807168114878894585e+02 -4.612129197740800350e+02 -5.114299546744188092e+02 -4.943150800513663512e+02 -5.166952010743092387e+02 -5.120121296263114345e+02 -5.044417475329062768e+02 -5.142660312948711407e+02 -5.053677308500703020e+02 -5.049051833260108424e+02 -5.160491401666661204e+02 -5.222525094737536620e+02 -5.055753002344224569e+02 -5.058321693132028827e+02
