4.439610000000000000e+05 4.438550000000000000e+05 4.436750000000000000e+05 4.436320000000000000e+05 4.436320000000000000e+05 4.436340000000000000e+05 4.437780000000000000e+05 4.438060000000000000e+05 4.434650000000000000e+05 4.435760000000000000e+05 4.439970000000000000e+05 4.436440000000000000e+05 4.437920000000000000e+05 4.437420000000000000e+05 4.437160000000000000e+05 4.436230000000000000e+05 4.438880000000000000e+05 4.436830000000000000e+05 4.437190000000000000e+05 4.430180000000000000e+05 3.982650000000000000e+05
4.316500000000000000e+04 4.314100000000000000e+04 4.315400000000000000e+04 4.317100000000000000e+04 4.321000000000000000e+04 4.318100000000000000e+04 4.315700000000000000e+04 4.319400000000000000e+04 4.315500000000000000e+04 4.318100000000000000e+04 4.318700000000000000e+04 4.314300000000000000e+04 4.319700000000000000e+04 4.311900000000000000e+04 4.316000000000000000e+04 4.322800000000000000e+04 4.319500000000000000e+04 4.323300000000000000e+04 4.319600000000000000e+04 4.309700000000000000e+04 3.879700000000000000e+04
4.434600000000000000e+04 4.438200000000000000e+04 4.435700000000000000e+04 4.443500000000000000e+04 4.433100000000000000e+04 4.435700000000000000e+04 4.437600000000000000e+04 4.431300000000000000e+04 4.435200000000000000e+04 4.438300000000000000e+04 4.436200000000000000e+04 4.436000000000000000e+04 4.444100000000000000e+04 4.435500000000000000e+04 4.440400000000000000e+04 4.431700000000000000e+04 4.434000000000000000e+04 4.433400000000000000e+04 4.446000000000000000e+04 4.434700000000000000e+04 3.984900000000000000e+04
4.743900000000000000e+04 4.747400000000000000e+04 4.752400000000000000e+04 4.741500000000000000e+04 4.741900000000000000e+04 4.750000000000000000e+04 4.739100000000000000e+04 4.742700000000000000e+04 4.733200000000000000e+04 4.750400000000000000e+04 4.749200000000000000e+04 4.747800000000000000e+04 4.742900000000000000e+04 4.745200000000000000e+04 4.747000000000000000e+04 4.749000000000000000e+04 4.741300000000000000e+04 4.749200000000000000e+04 4.746700000000000000e+04 4.743200000000000000e+04 4.248100000000000000e+04
5.052100000000000000e+04 5.055500000000000000e+04 5.054400000000000000e+04 5.055000000000000000e+04 5.053900000000000000e+04 5.058500000000000000e+04 5.049200000000000000e+04 5.053600000000000000e+04 5.049700000000000000e+04 5.056900000000000000e+04 5.043200000000000000e+04 5.039900000000000000e+04 5.059000000000000000e+04 5.055200000000000000e+04 5.051500000000000000e+04 5.054300000000000000e+04 5.049800000000000000e+04 5.049400000000000000e+04 5.034600000000000000e+04 4.548700000000000000e+04 5.053700000000000000e+04
5.208500000000000000e+04 5.215000000000000000e+04 5.211000000000000000e+04 5.213100000000000000e+04 5.209500000000000000e+04 5.208100000000000000e+04 5.209700000000000000e+04 5.220100000000000000e+04 5.213400000000000000e+04 5.214300000000000000e+04 5.219800000000000000e+04 5.210100000000000000e+04 5.212700000000000000e+04 5.204200000000000000e+04 5.206000000000000000e+04 5.216400000000000000e+04 5.209200000000000000e+04 4.699300000000000000e+04 5.185700000000000000e+04 5.199200000000000000e+04 5.224800000000000000e+04
5.237400000000000000e+04 5.234800000000000000e+04 5.237200000000000000e+04 5.222000000000000000e+04 5.234100000000000000e+04 5.231500000000000000e+04 5.231800000000000000e+04 5.239300000000000000e+04 5.235200000000000000e+04 5.234700000000000000e+04 5.232500000000000000e+04 5.229700000000000000e+04 5.236000000000000000e+04 5.234600000000000000e+04 5.235800000000000000e+04 5.217200000000000000e+04 4.697300000000000000e+04 5.230500000000000000e+04 5.230600000000000000e+04 5.232700000000000000e+04 5.243200000000000000e+04
5.261300000000000000e+04 5.282900000000000000e+04 5.278900000000000000e+04 5.269800000000000000e+04 5.276100000000000000e+04 5.275700000000000000e+04 5.263500000000000000e+04 5.277300000000000000e+04 5.285000000000000000e+04 5.267000000000000000e+04 5.266600000000000000e+04 5.272200000000000000e+04 5.272700000000000000e+04 5.276900000000000000e+04 4.726700000000000000e+04 5.273700000000000000e+04 5.278000000000000000e+04 5.274000000000000000e+04 5.274800000000000000e+04 5.267000000000000000e+04 5.282000000000000000e+04
5.331500000000000000e+04 5.322200000000000000e+04 5.329700000000000000e+04 5.331600000000000000e+04 5.330400000000000000e+04 5.330000000000000000e+04 5.322100000000000000e+04 5.334500000000000000e+04 5.331500000000000000e+04 5.333400000000000000e+04 5.328200000000000000e+04 5.332900000000000000e+04 5.324900000000000000e+04 4.783300000000000000e+04 5.326900000000000000e+04 5.322000000000000000e+04 5.321300000000000000e+04 5.316400000000000000e+04 5.339300000000000000e+04 5.334700000000000000e+04 5.323300000000000000e+04
6.283900000000000000e+04 6.261900000000000000e+04 6.269400000000000000e+04 6.273400000000000000e+04 6.271100000000000000e+04 6.275600000000000000e+04 6.268900000000000000e+04 6.273300000000000000e+04 6.269500000000000000e+04 6.268900000000000000e+04 6.269400000000000000e+04 5.620600000000000000e+04 6.282400000000000000e+04 6.269400000000000000e+04 6.275600000000000000e+04 6.272400000000000000e+04 6.277300000000000000e+04 6.274400000000000000e+04 6.276100000000000000e+04 6.279300000000000000e+04 6.273300000000000000e+04
1.036040000000000000e+05 1.035290000000000000e+05 1.033990000000000000e+05 1.033230000000000000e+05 1.034650000000000000e+05 1.034950000000000000e+05 1.034630000000000000e+05 1.034450000000000000e+05 1.034910000000000000e+05 1.034670000000000000e+05 9.272500000000000000e+04 1.034420000000000000e+05 1.034950000000000000e+05 1.034970000000000000e+05 1.034130000000000000e+05 1.035060000000000000e+05 1.033910000000000000e+05 1.036000000000000000e+05 1.035760000000000000e+05 1.033800000000000000e+05 1.034350000000000000e+05
6.020300000000000000e+04 6.027000000000000000e+04 6.020300000000000000e+04 6.027100000000000000e+04 6.024500000000000000e+04 6.020400000000000000e+04 6.015600000000000000e+04 6.007700000000000000e+04 6.017400000000000000e+04 5.406000000000000000e+04 6.015200000000000000e+04 6.016900000000000000e+04 6.021800000000000000e+04 6.019600000000000000e+04 6.023100000000000000e+04 6.022600000000000000e+04 6.015700000000000000e+04 6.016100000000000000e+04 6.014200000000000000e+04 6.024300000000000000e+04 6.014300000000000000e+04
4.903700000000000000e+04 4.913200000000000000e+04 4.913900000000000000e+04 4.916200000000000000e+04 4.912000000000000000e+04 4.914500000000000000e+04 4.909400000000000000e+04 4.407900000000000000e+04 4.900100000000000000e+04 4.913300000000000000e+04 4.909400000000000000e+04 4.905100000000000000e+04 4.916500000000000000e+04 4.912400000000000000e+04 4.915200000000000000e+04 4.908200000000000000e+04 4.915500000000000000e+04 4.909500000000000000e+04 4.893700000000000000e+04 4.914400000000000000e+04 4.918000000000000000e+04
4.686400000000000000e+04 4.696800000000000000e+04 4.695000000000000000e+04 4.691400000000000000e+04 4.694000000000000000e+04 4.696000000000000000e+04 4.202900000000000000e+04 4.696200000000000000e+04 4.690800000000000000e+04 4.690800000000000000e+04 4.692400000000000000e+04 4.693500000000000000e+04 4.687400000000000000e+04 4.692600000000000000e+04 4.693600000000000000e+04 4.697900000000000000e+04 4.691800000000000000e+04 4.698200000000000000e+04 4.684500000000000000e+04 4.687400000000000000e+04 4.690500000000000000e+04
4.286100000000000000e+04 4.293500000000000000e+04 4.296700000000000000e+04 4.289900000000000000e+04 4.286900000000000000e+04 3.851800000000000000e+04 4.289900000000000000e+04 4.293800000000000000e+04 4.291800000000000000e+04 4.282200000000000000e+04 4.282000000000000000e+04 4.278400000000000000e+04 4.298300000000000000e+04 4.289700000000000000e+04 4.296400000000000000e+04 4.293300000000000000e+04 4.298200000000000000e+04 4.291400000000000000e+04 4.282700000000000000e+04 4.294800000000000000e+04 4.296300000000000000e+04
4.143800000000000000e+04 4.145500000000000000e+04 4.140700000000000000e+04 3.976500000000000000e+04 3.887800000000000000e+04 4.145500000000000000e+04 4.143700000000000000e+04 4.135200000000000000e+04 4.130900000000000000e+04 4.138100000000000000e+04 4.141800000000000000e+04 4.147800000000000000e+04 4.136400000000000000e+04 4.135400000000000000e+04 4.139100000000000000e+04 4.135200000000000000e+04 4.138000000000000000e+04 4.139400000000000000e+04 4.143900000000000000e+04 4.136900000000000000e+04 4.132500000000000000e+04
4.031100000000000000e+04 4.030300000000000000e+04 3.675600000000000000e+04 3.959100000000000000e+04 4.024200000000000000e+04 4.039300000000000000e+04 4.037200000000000000e+04 4.038600000000000000e+04 4.030600000000000000e+04 4.035800000000000000e+04 4.034700000000000000e+04 4.038800000000000000e+04 4.036000000000000000e+04 4.030600000000000000e+04 4.036800000000000000e+04 4.037100000000000000e+04 4.034900000000000000e+04 4.040200000000000000e+04 4.033900000000000000e+04 4.034900000000000000e+04 4.034400000000000000e+04
3.694800000000000000e+04 3.356900000000000000e+04 3.659500000000000000e+04 3.706600000000000000e+04 3.696100000000000000e+04 3.702500000000000000e+04 3.704800000000000000e+04 3.705400000000000000e+04 3.705500000000000000e+04 3.704200000000000000e+04 3.693500000000000000e+04 3.695300000000000000e+04 3.707700000000000000e+04 3.698700000000000000e+04 3.701100000000000000e+04 3.696700000000000000e+04 3.702500000000000000e+04 3.701600000000000000e+04 3.704400000000000000e+04 3.701000000000000000e+04 3.703300000000000000e+04
3.157800000000000000e+04 3.513800000000000000e+04 3.509700000000000000e+04 3.517200000000000000e+04 3.518400000000000000e+04 3.511300000000000000e+04 3.521900000000000000e+04 3.515400000000000000e+04 3.529000000000000000e+04 3.526000000000000000e+04 3.520200000000000000e+04 3.521100000000000000e+04 3.519700000000000000e+04 3.518100000000000000e+04 3.520700000000000000e+04 3.512700000000000000e+04 3.518700000000000000e+04 3.520800000000000000e+04 3.517900000000000000e+04 3.522200000000000000e+04 3.515500000000000000e+04
2.745100000000000000e+04 3.065200000000000000e+04 3.059200000000000000e+04 3.056500000000000000e+04 3.062000000000000000e+04 3.061600000000000000e+04 3.054700000000000000e+04 3.062000000000000000e+04 3.057000000000000000e+04 3.055100000000000000e+04 3.053000000000000000e+04 3.054600000000000000e+04 3.057700000000000000e+04 3.063700000000000000e+04 3.062400000000000000e+04 3.060500000000000000e+04 3.059000000000000000e+04 3.059100000000000000e+04 3.054300000000000000e+04 3.059200000000000000e+04 3.056200000000000000e+04
4.670300000000000000e+05 5.186220000000000000e+05 5.201700000000000000e+05 5.203870000000000000e+05 5.201660000000000000e+05 5.203210000000000000e+05 5.204920000000000000e+05 5.203340000000000000e+05 5.201610000000000000e+05 5.204720000000000000e+05 5.201170000000000000e+05 5.203400000000000000e+05 5.200710000000000000e+05 5.202100000000000000e+05 5.203180000000000000e+05 5.205980000000000000e+05 5.202830000000000000e+05 5.202130000000000000e+05 5.202530000000000000e+05 5.202620000000000000e+05 5.203010000000000000e+05
