1.000000000000000000e+00 3.100000000000000000e+02 6.590000000000000302e-01
9.467648525241062485e-01 3.219224302464723451e+02 6.590000000000000302e-01
9.050385023065747880e-01 3.243173295773589189e+02 6.590000000000000302e-01
8.857006426631939267e-01 3.247067878179295803e+02 6.590000000000000302e-01
8.791924407990837631e-01 3.246463388162061392e+02 6.590000000000000302e-01
8.780170280523585946e-01 3.244783761240104809e+02 6.590000000000000302e-01
8.782736530431325406e-01 3.244113273925017893e+02 6.590000000000000302e-01
8.785671927003968484e-01 3.243920433151214979e+02 6.590000000000000302e-01
8.787111007771378768e-01 3.243885059462037361e+02 6.590000000000000302e-01
8.784271519961758257e-01 3.244698696062367844e+02 6.590000000000000302e-01
8.780059354493839896e-01 3.245108618546357206e+02 6.590000000000000302e-01
8.777534743812303031e-01 3.245203999564349147e+02 6.590000000000000302e-01
8.776533903553372928e-01 3.245210832499765274e+02 6.590000000000000302e-01
8.776241972536067415e-01 3.245203534759946820e+02 6.590000000000000302e-01
8.776908471542722578e-01 3.245024366934455315e+02 6.590000000000000302e-01
8.777753206484854021e-01 3.244958003154411017e+02 6.590000000000000302e-01
8.778205864316880325e-01 3.244944065131701905e+02 6.590000000000000302e-01
8.778374233698853502e-01 3.244943928595384364e+02 6.590000000000000302e-01
8.778419921267179848e-01 3.244945510899997885e+02 6.590000000000000302e-01
8.778366985407729528e-01 3.244960995389081404e+02 6.590000000000000302e-01
8.778209426529173243e-01 3.244987547394221110e+02 6.590000000000000302e-01
8.778076702301966794e-01 3.244994796176439422e+02 6.590000000000000302e-01
8.778016317940992019e-01 3.244995903727029827e+02 6.590000000000000302e-01
8.777996258570228694e-01 3.244995700501510782e+02 6.590000000000000302e-01
8.778082669562737861e-01 3.244973282466891646e+02 6.590000000000000302e-01
8.778120863033684884e-01 3.244981785120318705e+02 6.590000000000000302e-01
8.778101695734469301e-01 3.244984962660454926e+02 6.590000000000000302e-01
8.778085805221164106e-01 3.244985816231015292e+02 6.590000000000000302e-01
8.778078533416370233e-01 3.244985962652677358e+02 6.590000000000000302e-01
8.778137767504918809e-01 3.244970897022147369e+02 6.590000000000000302e-01
8.778137978977442746e-01 3.244982906414650756e+02 6.590000000000000302e-01
8.778096803809491977e-01 3.244986872063954024e+02 6.590000000000000302e-01
8.778072326549695159e-01 3.244987777141936931e+02 6.590000000000000302e-01
8.778062559072239424e-01 3.244987854453609089e+02 6.590000000000000302e-01
8.778127073743213771e-01 3.244971361298025840e+02 6.590000000000000302e-01
8.778134674505302382e-01 3.244982689925489581e+02 6.590000000000000302e-01
8.778097755984124451e-01 3.244986501204712681e+02 6.590000000000000302e-01
8.778074951737073750e-01 3.244987395308943405e+02 6.590000000000000302e-01
8.778065668586351178e-01 3.244987486320681001e+02 6.590000000000000302e-01
8.778129155325889998e-01 3.244971270997548913e+02 6.590000000000000302e-01
8.778135316765350860e-01 3.244982732036907578e+02 6.590000000000000302e-01
8.778097570637312108e-01 3.244986573330474471e+02 6.590000000000000302e-01
8.778074441318686194e-01 3.244987469550463288e+02 6.590000000000000302e-01
8.778065063989278771e-01 3.244987557911771319e+02 6.590000000000000302e-01
8.778128750563862770e-01 3.244971288560855101e+02 6.590000000000000302e-01
8.778135191839162577e-01 3.244982723846938484e+02 6.590000000000000302e-01
8.778097606680488330e-01 3.244986559302142837e+02 6.590000000000000302e-01
8.778074540606831677e-01 3.244987455108749259e+02 6.590000000000000302e-01
8.778065181594983946e-01 3.244987543986750325e+02 6.590000000000000302e-01
8.778128829295603897e-01 3.244971285144775948e+02 6.590000000000000302e-01
8.778135216137455954e-01 3.244982725439929823e+02 6.590000000000000302e-01
8.778097599671681461e-01 3.244986562030665596e+02 6.590000000000000302e-01
8.778074521288244947e-01 3.244987457918766722e+02 6.590000000000000302e-01
8.778065158712570204e-01 3.244987546695411424e+02 6.590000000000000302e-01
8.778128813979313438e-01 3.244971285809207302e+02 6.590000000000000302e-01
8.778135211410601491e-01 3.244982725130060999e+02 6.590000000000000302e-01
8.778097601032993635e-01 3.244986561499953837e+02 6.590000000000000302e-01
8.778074525057532052e-01 3.244987457370422703e+02 6.590000000000000302e-01
8.778065163176953511e-01 3.244987546168190988e+02 6.590000000000000302e-01
8.778128816963308712e-01 3.244971285679982316e+02 6.590000000000000302e-01
8.778135212331277248e-01 3.244982725190376414e+02 6.590000000000000302e-01
8.778097600768938191e-01 3.244986561603196833e+02 6.590000000000000302e-01
8.778074524336585416e-01 3.244987457475336896e+02 6.590000000000000302e-01
8.778065162320208836e-01 3.244987546270323833e+02 6.590000000000000302e-01
8.778128816387402722e-01 3.244971285705094033e+02 6.590000000000000302e-01
8.778135212153413969e-01 3.244982725178693386e+02 6.590000000000000302e-01
8.778097600821085367e-01 3.244986561583157822e+02 6.590000000000000302e-01
8.778074524465145911e-01 3.244987457456649054e+02 6.590000000000000302e-01
8.778065162477629579e-01 3.244987546250927153e+02 6.590000000000000302e-01
8.778128816495370801e-01 3.244971285700272574e+02 6.590000000000000302e-01
8.778135212186888303e-01 3.244982725180913690e+02 6.590000000000000302e-01
8.778097600811712864e-01 3.244986561586992480e+02 6.590000000000000302e-01
8.778074524438128634e-01 3.244987457460609335e+02 6.590000000000000302e-01
8.778065162445674030e-01 3.244987546254757831e+02 6.590000000000000302e-01
8.778128816473821372e-01 3.244971285701217312e+02 6.590000000000000302e-01
8.778135212180219193e-01 3.244982725180474858e+02 6.590000000000000302e-01
8.778097600812316825e-01 3.244986561586234757e+02 6.590000000000000302e-01
8.778074524444210436e-01 3.244987457459660050e+02 6.590000000000000302e-01
8.778065162452417525e-01 3.244987546253949517e+02 6.590000000000000302e-01
8.778128816478362184e-01 3.244971285701018360e+02 6.590000000000000302e-01
8.778135212181628066e-01 3.244982725180568650e+02 6.590000000000000302e-01
8.778097600812857504e-01 3.244986561586397329e+02 6.590000000000000302e-01
8.778074524442127657e-01 3.244987457460008500e+02 6.590000000000000302e-01
8.778065162450260361e-01 3.244987546254162112e+02 6.590000000000000302e-01
8.778128816477066554e-01 3.244971285701066677e+02 6.590000000000000302e-01
8.778135212181225056e-01 3.244982725180543639e+02 6.590000000000000302e-01
8.778097600811928247e-01 3.244986561586353560e+02 6.590000000000000302e-01
8.778074524441020765e-01 3.244987457460118776e+02 6.590000000000000302e-01
8.778065162449960601e-01 3.244987546254167796e+02 6.590000000000000302e-01
8.778128816476973295e-01 3.244971285701064403e+02 6.590000000000000302e-01
8.778135212181207292e-01 3.244982725180542502e+02 6.590000000000000302e-01
8.778097600812838630e-01 3.244986561586358107e+02 6.590000000000000302e-01
8.778074524454426708e-01 3.244987457458228732e+02 6.590000000000000302e-01
8.778065162459511850e-01 3.244987546253653932e+02 6.590000000000000302e-01
8.778128816481258756e-01 3.244971285700988801e+02 6.590000000000000302e-01
8.778135212182407443e-01 3.244982725180600482e+02 6.590000000000000302e-01
8.778097600812297951e-01 3.244986561586428593e+02 6.590000000000000302e-01
8.778074524440845350e-01 3.244987457460168230e+02 6.590000000000000302e-01
8.778065162442781899e-01 3.244987546254066615e+02 6.590000000000000302e-01
8.778128816475405660e-01 3.244971285700964359e+02 6.590000000000000302e-01
8.778135212180906422e-01 3.244982725180550460e+02 6.590000000000000302e-01
8.778097600811649581e-01 3.244986561586412108e+02 6.590000000000000302e-01
8.778074524441999982e-01 3.244987457459976667e+02 6.590000000000000302e-01
8.778065162442911795e-01 3.244987546254009771e+02 6.590000000000000302e-01
8.778128816475631035e-01 3.244971285700947305e+02 6.590000000000000302e-01
8.778135212180985247e-01 3.244982725180557281e+02 6.590000000000000302e-01
8.778097600811612944e-01 3.244986561586423477e+02 6.590000000000000302e-01
8.778074524441727977e-01 3.244987457460017595e+02 6.590000000000000302e-01
8.778065162450308101e-01 3.244987546254207587e+02 6.590000000000000302e-01
8.778128816476923335e-01 3.244971285701082024e+02 6.590000000000000302e-01
8.778135212181171765e-01 3.244982725180537955e+02 6.590000000000000302e-01
8.778097600812988510e-01 3.244986561586346738e+02 6.590000000000000302e-01
8.778074524445863558e-01 3.244987457459467350e+02 6.590000000000000302e-01
8.778065162453285719e-01 3.244987546253980781e+02 6.590000000000000302e-01
8.778128816478486529e-01 3.244971285701036550e+02 6.590000000000000302e-01
8.778135212181630287e-01 3.244982725180564103e+02 6.590000000000000302e-01
8.778097600811823886e-01 3.244986561586381981e+02 6.590000000000000302e-01
8.778074524440900861e-01 3.244987457460133555e+02 6.590000000000000302e-01
8.778065162442529878e-01 3.244987546254017730e+02 6.590000000000000302e-01
8.778128816475504470e-01 3.244971285700945032e+02 6.590000000000000302e-01
8.778135212180931957e-01 3.244982725180560692e+02 6.590000000000000302e-01
8.778097600811558543e-01 3.244986561586429161e+02 6.590000000000000302e-01
8.778074524453639560e-01 3.244987457458297513e+02 6.590000000000000302e-01
8.778065162458640325e-01 3.244987546253737491e+02 6.590000000000000302e-01
8.778128816480672558e-01 3.244971285701025749e+02 6.590000000000000302e-01
8.778135212182178737e-01 3.244982725180598777e+02 6.590000000000000302e-01
8.778097600812322376e-01 3.244986561586417224e+02 6.590000000000000302e-01
8.778074524442996962e-01 3.244987457459856159e+02 6.590000000000000302e-01
8.778065162444153025e-01 3.244987546253968844e+02 6.590000000000000302e-01
8.778128816476099550e-01 3.244971285700945032e+02 6.590000000000000302e-01
8.778135212181106262e-01 3.244982725180562397e+02 6.590000000000000302e-01
8.778097600811619605e-01 3.244986561586427456e+02 6.590000000000000302e-01
8.778074524453332028e-01 3.244987457458344693e+02 6.590000000000000302e-01
8.778065162451995640e-01 3.244987546253597088e+02 6.590000000000000302e-01
8.778128816479452423e-01 3.244971285700897852e+02 6.590000000000000302e-01
8.778135212182045510e-01 3.244982725180605598e+02 6.590000000000000302e-01
8.778097600812039270e-01 3.244986561586476910e+02 6.590000000000000302e-01
8.778074524442575077e-01 3.244987457459918119e+02 6.590000000000000302e-01
8.778065162443708935e-01 3.244987546254047288e+02 6.590000000000000302e-01
8.778128816475709861e-01 3.244971285700966064e+02 6.590000000000000302e-01
8.778135212180980806e-01 3.244982725180553302e+02 6.590000000000000302e-01
8.778097600812460044e-01 3.244986561586416087e+02 6.590000000000000302e-01
8.778074524440908633e-01 3.244987457460174483e+02 6.590000000000000302e-01
8.778065162449394387e-01 3.244987546254237714e+02 6.590000000000000302e-01
8.778128816476579166e-01 3.244971285701082593e+02 6.590000000000000302e-01
8.778135212181081837e-01 3.244982725180534544e+02 6.590000000000000302e-01
8.778097600812982959e-01 3.244986561586343328e+02 6.590000000000000302e-01
8.778074524443624238e-01 3.244987457459791926e+02 6.590000000000000302e-01
8.778065162444732561e-01 3.244987546253906885e+02 6.590000000000000302e-01
8.778128816476468144e-01 3.244971285700930821e+02 6.590000000000000302e-01
8.778135212181209512e-01 3.244982725180569219e+02 6.590000000000000302e-01
8.778097600811587409e-01 3.244986561586438825e+02 6.590000000000000302e-01
8.778074524440510062e-01 3.244987457460193241e+02 6.590000000000000302e-01
8.778065162448771552e-01 3.244987546254250219e+02 6.590000000000000302e-01
8.778128816476373775e-01 3.244971285701080888e+02 6.590000000000000302e-01
8.778135212181044089e-01 3.244982725180532270e+02 6.590000000000000302e-01
8.778097600812927448e-01 3.244986561586343328e+02 6.590000000000000302e-01
8.778074524442486259e-01 3.244987457459954499e+02 6.590000000000000302e-01
8.778065162451178516e-01 3.244987546254121753e+02 6.590000000000000302e-01
8.778128816477446250e-01 3.244971285701062698e+02 6.590000000000000302e-01
8.778135212181336078e-01 3.244982725180546481e+02 6.590000000000000302e-01
8.778097600812853063e-01 3.244986561586361518e+02 6.590000000000000302e-01
8.778074524443568727e-01 3.244987457459795337e+02 6.590000000000000302e-01
8.778065162452047820e-01 3.244987546254092763e+02 6.590000000000000302e-01
8.778128816477778207e-01 3.244971285701060992e+02 6.590000000000000302e-01
8.778135212181422675e-01 3.244982725180551029e+02 6.590000000000000302e-01
8.778097600813015156e-01 3.244986561586366065e+02 6.590000000000000302e-01
8.778074524441343840e-01 3.244987457460124460e+02 6.590000000000000302e-01
8.778065162449789627e-01 3.244987546254167796e+02 6.590000000000000302e-01
8.778128816476924445e-01 3.244971285701063834e+02 6.590000000000000302e-01
8.778135212181206182e-01 3.244982725180542502e+02 6.590000000000000302e-01
8.778097600812962975e-01 3.244986561586356970e+02 6.590000000000000302e-01
8.778074524441374926e-01 3.244987457460118776e+02 6.590000000000000302e-01
8.778065162450185976e-01 3.244987546254174617e+02 6.590000000000000302e-01
8.778128816477005492e-01 3.244971285701070087e+02 6.590000000000000302e-01
8.778135212181206182e-01 3.244982725180540797e+02 6.590000000000000302e-01
8.778097600812961865e-01 3.244986561586354128e+02 6.590000000000000302e-01
8.778074524442515125e-01 3.244987457459952225e+02 6.590000000000000302e-01
8.778065162451040848e-01 3.244987546254124595e+02 6.590000000000000302e-01
8.778128816477404062e-01 3.244971285701061561e+02 6.590000000000000302e-01
8.778135212181327196e-01 3.244982725180548755e+02 6.590000000000000302e-01
8.778097600811978207e-01 3.244986561586359812e+02 6.590000000000000302e-01
8.778074524452874616e-01 3.244987457458412337e+02 6.590000000000000302e-01
8.778065162452065584e-01 3.244987546253553887e+02 6.590000000000000302e-01
8.778128816479618957e-01 3.244971285700885346e+02 6.590000000000000302e-01
8.778135212182087699e-01 3.244982725180609577e+02 6.590000000000000302e-01
8.778097600812019285e-01 3.244986561586486005e+02 6.590000000000000302e-01
8.778074524453365335e-01 3.244987457458362883e+02 6.590000000000000302e-01
8.778065162458116300e-01 3.244987546253782966e+02 6.590000000000000302e-01
8.778128816480453844e-01 3.244971285701018360e+02 6.590000000000000302e-01
8.778135212182153202e-01 3.244982725180591387e+02 6.590000000000000302e-01
8.778097600813336010e-01 3.244986561586413814e+02 6.590000000000000302e-01
8.778074524442180948e-01 3.244987457460022711e+02 6.590000000000000302e-01
8.778065162450103820e-01 3.244987546254167796e+02 6.590000000000000302e-01
8.778128816476937768e-01 3.244971285701083730e+02 6.590000000000000302e-01
8.778135212181125135e-01 3.244982725180551029e+02 6.590000000000000302e-01
8.778097600812825307e-01 3.244986561586362654e+02 6.590000000000000302e-01
8.778074524442429638e-01 3.244987457459959046e+02 6.590000000000000302e-01
8.778065162450731096e-01 3.244987546254125164e+02 6.590000000000000302e-01
8.778128816477323015e-01 3.244971285701058719e+02 6.590000000000000302e-01
8.778135212181300551e-01 3.244982725180548186e+02 6.590000000000000302e-01
8.778097600812932999e-01 3.244986561586364360e+02 6.590000000000000302e-01
8.778074524442531779e-01 3.244987457459949383e+02 6.590000000000000302e-01
8.778065162450903181e-01 3.244987546254129143e+02 6.590000000000000302e-01
8.778128816477345220e-01 3.244971285701062698e+02 6.590000000000000302e-01
8.778135212181302771e-01 3.244982725180546481e+02 6.590000000000000302e-01
8.778097600812839740e-01 3.244986561586362086e+02 6.590000000000000302e-01
8.778074524441404902e-01 3.244987457460107407e+02 6.590000000000000302e-01
8.778065162450100489e-01 3.244987546254169501e+02 6.590000000000000302e-01
8.778128816476998830e-01 3.244971285701067814e+02 6.590000000000000302e-01
8.778135212181207292e-01 3.244982725180542502e+02 6.590000000000000302e-01
8.778097600812843071e-01 3.244986561586356402e+02 6.590000000000000302e-01
8.778074524453310934e-01 3.244987457458390168e+02 6.590000000000000302e-01
8.778065162458826842e-01 3.244987546253699406e+02 6.590000000000000302e-01
8.778128816480925689e-01 3.244971285700999601e+02 6.590000000000000302e-01
8.778135212182325287e-01 3.244982725180596503e+02 6.590000000000000302e-01
8.778097600813232759e-01 3.244986561586424045e+02 6.590000000000000302e-01
8.778074524454057004e-01 3.244987457458306608e+02 6.590000000000000302e-01
8.778065162459007809e-01 3.244987546253714754e+02 6.590000000000000302e-01
8.778128816480916807e-01 3.244971285701004717e+02 6.590000000000000302e-01
8.778135212182319735e-01 3.244982725180593661e+02 6.590000000000000302e-01
8.778097600812392320e-01 3.244986561586414950e+02 6.590000000000000302e-01
8.778074524439835047e-01 3.244987457460317160e+02 6.590000000000000302e-01
8.778065162448993597e-01 3.244987546254259314e+02 6.590000000000000302e-01
8.778128816476400420e-01 3.244971285701086003e+02 6.590000000000000302e-01
8.778135212181030766e-01 3.244982725180531133e+02 6.590000000000000302e-01
8.778097600812996282e-01 3.244986561586340486e+02 6.590000000000000302e-01
8.778074524442698312e-01 3.244987457459926077e+02 6.590000000000000302e-01
8.778065162450485737e-01 3.244987546254091626e+02 6.590000000000000302e-01
8.778128816477367424e-01 3.244971285701045645e+02 6.590000000000000302e-01
8.778135212181332747e-01 3.244982725180550460e+02 6.590000000000000302e-01
8.778097600811940460e-01 3.244986561586368339e+02 6.590000000000000302e-01
8.778074524442126547e-01 3.244987457459961888e+02 6.590000000000000302e-01
8.778065162450715553e-01 3.244987546254134827e+02 6.590000000000000302e-01
8.778128816477278606e-01 3.244971285701062698e+02 6.590000000000000302e-01
8.778135212181290559e-01 3.244982725180545344e+02 6.590000000000000302e-01
8.778097600812052592e-01 3.244986561586356970e+02 6.590000000000000302e-01
8.778074524441034088e-01 3.244987457460123323e+02 6.590000000000000302e-01
8.778065162443278169e-01 3.244987546254014319e+02 6.590000000000000302e-01
8.778128816475712082e-01 3.244971285700951853e+02 6.590000000000000302e-01
8.778135212181001901e-01 3.244982725180556713e+02 6.590000000000000302e-01
8.778097600812544421e-01 3.244986561586424614e+02 6.590000000000000302e-01
8.778074524440784288e-01 3.244987457460198357e+02 6.590000000000000302e-01
8.778065162449136816e-01 3.244987546254249651e+02 6.590000000000000302e-01
8.778128816476467033e-01 3.244971285701084867e+02 6.590000000000000302e-01
8.778135212181057412e-01 3.244982725180533407e+02 6.590000000000000302e-01
8.778097600811951562e-01 3.244986561586339349e+02 6.590000000000000302e-01
8.778074524453164384e-01 3.244987457458366293e+02 6.590000000000000302e-01
8.778065162458652537e-01 3.244987546253673258e+02 6.590000000000000302e-01
8.778128816480962326e-01 3.244971285700987664e+02 6.590000000000000302e-01
8.778135212182334168e-01 3.244982725180598777e+02 6.590000000000000302e-01
8.778097600812332368e-01 3.244986561586426888e+02 6.590000000000000302e-01
8.778074524440951931e-01 3.244987457460154587e+02 6.590000000000000302e-01
8.778065162442731939e-01 3.244987546254060931e+02 6.590000000000000302e-01
8.778128816475406770e-01 3.244971285700960379e+02 6.590000000000000302e-01
8.778135212180913083e-01 3.244982725180552734e+02 6.590000000000000302e-01
8.778097600812545531e-01 3.244986561586417793e+02 6.590000000000000302e-01
8.778074524442897042e-01 3.244987457459891402e+02 6.590000000000000302e-01
8.778065162450711112e-01 3.244987546254160407e+02 6.590000000000000302e-01
8.778128816477193119e-01 3.244971285701070087e+02 6.590000000000000302e-01
8.778135212181266134e-01 3.244982725180543071e+02 6.590000000000000302e-01
8.778097600812991841e-01 3.244986561586354696e+02 6.590000000000000302e-01
8.778074524454402283e-01 3.244987457458239533e+02 6.590000000000000302e-01
8.778065162452818315e-01 3.244987546253499318e+02 6.590000000000000302e-01
8.778128816480005314e-01 3.244971285700875114e+02 6.590000000000000302e-01
8.778135212182220926e-01 3.244982725180615830e+02 6.590000000000000302e-01
8.778097600811998191e-01 3.244986561586495100e+02 6.590000000000000302e-01
8.778074524442370796e-01 3.244987457459947677e+02 6.590000000000000302e-01
8.778065162450424674e-01 3.244987546254226913e+02 6.590000000000000302e-01
8.778128816476890028e-01 3.244971285701089414e+02 6.590000000000000302e-01
8.778135212181163993e-01 3.244982725180535112e+02 6.590000000000000302e-01
8.778097600811866075e-01 3.244986561586337643e+02 6.590000000000000302e-01
8.778074524454374528e-01 3.244987457458185531e+02 6.590000000000000302e-01
8.778065162459324222e-01 3.244987546253615278e+02 6.590000000000000302e-01
8.778128816481342023e-01 3.244971285700975159e+02 6.590000000000000302e-01
8.778135212182460734e-01 3.244982725180606167e+02 6.590000000000000302e-01
8.778097600813282719e-01 3.244986561586441098e+02 6.590000000000000302e-01
8.778074524454996252e-01 3.244987457458175300e+02 6.590000000000000302e-01
8.778065162459500748e-01 3.244987546253689743e+02 6.590000000000000302e-01
8.778128816481138852e-01 3.244971285701001307e+02 6.590000000000000302e-01
8.778135212182375247e-01 3.244982725180596503e+02 6.590000000000000302e-01
8.778097600813304924e-01 3.244986561586422340e+02 6.590000000000000302e-01
8.778074524453054472e-01 3.244987457458454401e+02 6.590000000000000302e-01
8.778065162458639215e-01 3.244987546253761934e+02 6.590000000000000302e-01
8.778128816480658125e-01 3.244971285701016654e+02 6.590000000000000302e-01
8.778135212182229807e-01 3.244982725180589114e+02 6.590000000000000302e-01
8.778097600813322687e-01 3.244986561586409834e+02 6.590000000000000302e-01
8.778074524452016414e-01 3.244987457458603899e+02 6.590000000000000302e-01
8.778065162457797665e-01 3.244987546253790356e+02 6.590000000000000302e-01
8.778128816480339491e-01 3.244971285701018928e+02 6.590000000000000302e-01
8.778135212182155422e-01 3.244982725180586272e+02 6.590000000000000302e-01
8.778097600813442591e-01 3.244986561586405855e+02 6.590000000000000302e-01
8.778074524440189208e-01 3.244987457460315454e+02 6.590000000000000302e-01
8.778065162449136816e-01 3.244987546254253630e+02 6.590000000000000302e-01
8.778128816476457041e-01 3.244971285701086003e+02 6.590000000000000302e-01
8.778135212181064073e-01 3.244982725180532270e+02 6.590000000000000302e-01
8.778097600812878598e-01 3.244986561586341622e+02 6.590000000000000302e-01
8.778074524442576188e-01 3.244987457459938014e+02 6.590000000000000302e-01
8.778065162451018644e-01 3.244987546254109247e+02 6.590000000000000302e-01
8.778128816477448471e-01 3.244971285701056445e+02 6.590000000000000302e-01
8.778135212181349400e-01 3.244982725180549323e+02 6.590000000000000302e-01
8.778097600812881929e-01 3.244986561586366065e+02 6.590000000000000302e-01
8.778074524441564774e-01 3.244987457460086375e+02 6.590000000000000302e-01
8.778065162450079395e-01 3.244987546254163249e+02 6.590000000000000302e-01
8.778128816477014373e-01 3.244971285701064971e+02 6.590000000000000302e-01
8.778135212181221725e-01 3.244982725180542502e+02 6.590000000000000302e-01
8.778097600812904133e-01 3.244986561586357539e+02 6.590000000000000302e-01
8.778074524442569526e-01 3.244987457459941993e+02 6.590000000000000302e-01
8.778065162443798863e-01 3.244987546253956339e+02 6.590000000000000302e-01
8.778128816476055141e-01 3.244971285700937642e+02 6.590000000000000302e-01
8.778135212181101821e-01 3.244982725180565239e+02 6.590000000000000302e-01
8.778097600812554413e-01 3.244986561586437119e+02 6.590000000000000302e-01
8.778074524440800941e-01 3.244987457460198357e+02 6.590000000000000302e-01
8.778065162448858150e-01 3.244987546254251924e+02 6.590000000000000302e-01
8.778128816476390428e-01 3.244971285701082024e+02 6.590000000000000302e-01
