1.000000000000000000e+00
1.200000000000000000e+01
1.199994659423828125e+01
1.017810440063476562e+01
9.973217010498046875e+00
9.990347862243652344e+00
9.991702079772949219e+00
9.994821548461914062e+00
9.996489524841308594e+00
9.997594833374023438e+00
9.998641967773437500e+00
9.999490737915039062e+00
1.000092315673828125e+01
1.000121498107910156e+01
1.000068378448486328e+01
9.999328613281250000e+00
9.997641563415527344e+00
9.995670318603515625e+00
9.993351936340332031e+00
9.990705490112304688e+00
9.988742828369140625e+00
9.987330436706542969e+00
9.986303329467773438e+00
9.984937667846679688e+00
9.983391761779785156e+00
9.983274459838867188e+00
9.984296798706054688e+00
9.986284255981445312e+00
9.989054679870605469e+00
9.992420196533203125e+00
9.996154785156250000e+00
