5.000000000000000000e-01
3.253355181145881847e+00
4.215181827118469116e+00
4.647358378925180666e+00
4.841547785346011601e+00
4.928802890610591625e+00
4.968009081625429424e+00
4.985625544895093242e+00
4.993541133967723589e+00
4.997097837031505563e+00
4.998695944058090035e+00
4.999414006252759002e+00
4.999736666957979914e+00
4.999881655429255112e+00
4.999946808946774013e+00
4.999976103574555353e+00
4.999989297597589477e+00
4.999995207409831721e+00
4.999997864139056780e+00
4.999999048834204984e+00
4.999999577266877715e+00
4.999999814045009039e+00
4.999999917038081776e+00
4.999999963009639004e+00
4.999999983528510050e+00
4.999999993361883277e+00
4.999999999110250393e+00
5.000000003849472741e+00
4.999999998971322412e+00
5.000000003668895410e+00
4.999999998832318937e+00
5.000000003499324386e+00
4.999999998699492743e+00
5.000000003342854882e+00
4.999999998574792492e+00
5.000000003202602628e+00
4.999999998461179374e+00
5.000000003077886390e+00
4.999999998358991782e+00
5.000000002968798540e+00
4.999999998268582324e+00
5.000000002873856708e+00
4.999999998189006867e+00
5.000000002792281961e+00
4.999999998119820432e+00
5.000000002721872505e+00
4.999999998059553086e+00
5.000000002661145970e+00
4.999999998007308655e+00
5.000000002609304772e+00
4.999999997962588871e+00
5.000000002564945589e+00
4.999999997924355455e+00
5.000000002527341003e+00
4.999999997891597658e+00
5.000000002494581430e+00
4.999999997863080026e+00
5.000000002466885363e+00
4.999999997839185362e+00
5.000000002443066194e+00
4.999999997818735942e+00
5.000000002422599010e+00
4.999999997801025664e+00
5.000000002405259103e+00
4.999999997786257921e+00
5.000000002389949572e+00
4.999999997773404203e+00
5.000000002377035457e+00
4.999999997762549775e+00
5.000000002365760032e+00
4.999999997753569403e+00
5.000000002356451034e+00
4.999999997746528813e+00
5.000000002348271799e+00
4.999999997739921653e+00
5.000000002340751593e+00
4.999999997734273727e+00
5.000000002334466842e+00
4.999999997730026458e+00
5.000000002329482385e+00
4.999999997726267686e+00
5.000000002324741288e+00
4.999999997723048928e+00
5.000000002320576620e+00
4.999999997720620648e+00
5.000000002316863146e+00
4.999999997718393097e+00
5.000000002313913505e+00
4.999999997716618516e+00
5.000000002310994063e+00
4.999999997715357303e+00
5.000000002308211400e+00
4.999999997714077438e+00
5.000000002305874602e+00
4.999999997713034716e+00
5.000000002303695901e+00
4.999999997712288646e+00
5.000000002301771218e+00
4.999999997711897848e+00
5.000000002300013513e+00
