0.000000000000000000e+00 0.000000000000000000e+00 0.000000000000000000e+00 0.000000000000000000e+00 0.000000000000000000e+00 0.000000000000000000e+00 0.000000000000000000e+00 0.000000000000000000e+00 0.000000000000000000e+00 0.000000000000000000e+00 0.000000000000000000e+00 0.000000000000000000e+00 0.000000000000000000e+00 0.000000000000000000e+00 0.000000000000000000e+00 0.000000000000000000e+00
0.000000000000000000e+00 0.000000000000000000e+00 0.000000000000000000e+00 0.000000000000000000e+00 0.000000000000000000e+00 0.000000000000000000e+00 0.000000000000000000e+00 0.000000000000000000e+00 0.000000000000000000e+00 0.000000000000000000e+00 0.000000000000000000e+00 0.000000000000000000e+00 0.000000000000000000e+00 0.000000000000000000e+00 0.000000000000000000e+00 0.000000000000000000e+00
3.480000000000000000e+03 3.394000000000000000e+03 3.411000000000000000e+03 3.887000000000000000e+03 4.517000000000000000e+03 5.835000000000000000e+03 7.915000000000000000e+03 1.003700000000000000e+04 1.324700000000000000e+04 1.323500000000000000e+04 6.546000000000000000e+03 9.934000000000000000e+03 7.827000000000000000e+03 6.375000000000000000e+03 5.152000000000000000e+03 4.461000000000000000e+03
0.000000000000000000e+00 0.000000000000000000e+00 0.000000000000000000e+00 0.000000000000000000e+00 0.000000000000000000e+00 0.000000000000000000e+00 0.000000000000000000e+00 0.000000000000000000e+00 0.000000000000000000e+00 0.000000000000000000e+00 0.000000000000000000e+00 0.000000000000000000e+00 0.000000000000000000e+00 0.000000000000000000e+00 0.000000000000000000e+00 0.000000000000000000e+00
0.000000000000000000e+00 0.000000000000000000e+00 0.000000000000000000e+00 0.000000000000000000e+00 0.000000000000000000e+00 0.000000000000000000e+00 0.000000000000000000e+00 0.000000000000000000e+00 0.000000000000000000e+00 0.000000000000000000e+00 0.000000000000000000e+00 0.000000000000000000e+00 0.000000000000000000e+00 0.000000000000000000e+00 0.000000000000000000e+00 0.000000000000000000e+00
0.000000000000000000e+00 0.000000000000000000e+00 0.000000000000000000e+00 0.000000000000000000e+00 0.000000000000000000e+00 0.000000000000000000e+00 0.000000000000000000e+00 0.000000000000000000e+00 0.000000000000000000e+00 0.000000000000000000e+00 0.000000000000000000e+00 0.000000000000000000e+00 0.000000000000000000e+00 0.000000000000000000e+00 0.000000000000000000e+00 0.000000000000000000e+00
0.000000000000000000e+00 0.000000000000000000e+00 0.000000000000000000e+00 0.000000000000000000e+00 0.000000000000000000e+00 0.000000000000000000e+00 0.000000000000000000e+00 0.000000000000000000e+00 0.000000000000000000e+00 0.000000000000000000e+00 0.000000000000000000e+00 0.000000000000000000e+00 0.000000000000000000e+00 0.000000000000000000e+00 0.000000000000000000e+00 0.000000000000000000e+00
8.800000000000000000e+01 8.200000000000000000e+01 8.300000000000000000e+01 9.300000000000000000e+01 1.190000000000000000e+02 1.620000000000000000e+02 2.080000000000000000e+02 2.730000000000000000e+02 3.180000000000000000e+02 3.240000000000000000e+02 9.100000000000000000e+01 2.230000000000000000e+02 1.670000000000000000e+02 1.230000000000000000e+02 9.500000000000000000e+01 8.800000000000000000e+01
9.900000000000000000e+01 7.200000000000000000e+01 8.200000000000000000e+01 1.000000000000000000e+02 1.120000000000000000e+02 1.520000000000000000e+02 1.950000000000000000e+02 2.560000000000000000e+02 2.990000000000000000e+02 3.000000000000000000e+02 2.660000000000000000e+02 2.030000000000000000e+02 1.510000000000000000e+02 1.130000000000000000e+02 8.500000000000000000e+01 9.700000000000000000e+01
1.950000000000000000e+02 1.860000000000000000e+02 1.900000000000000000e+02 2.080000000000000000e+02 2.640000000000000000e+02 3.370000000000000000e+02 4.640000000000000000e+02 6.000000000000000000e+02 7.170000000000000000e+02 7.540000000000000000e+02 6.160000000000000000e+02 4.620000000000000000e+02 3.330000000000000000e+02 2.480000000000000000e+02 1.980000000000000000e+02 1.870000000000000000e+02
1.880000000000000000e+02 1.930000000000000000e+02 1.900000000000000000e+02 2.410000000000000000e+02 2.820000000000000000e+02 3.490000000000000000e+02 4.400000000000000000e+02 5.500000000000000000e+02 6.620000000000000000e+02 6.590000000000000000e+02 5.440000000000000000e+02 4.260000000000000000e+02 3.320000000000000000e+02 2.630000000000000000e+02 2.140000000000000000e+02 1.940000000000000000e+02
4.940000000000000000e+02 5.070000000000000000e+02 5.220000000000000000e+02 5.960000000000000000e+02 6.990000000000000000e+02 9.340000000000000000e+02 1.269000000000000000e+03 1.750000000000000000e+03 2.257000000000000000e+03 2.116000000000000000e+03 1.626000000000000000e+03 1.128000000000000000e+03 8.280000000000000000e+02 6.250000000000000000e+02 5.020000000000000000e+02 5.210000000000000000e+02
1.782000000000000000e+03 1.826000000000000000e+03 1.837000000000000000e+03 1.903000000000000000e+03 1.826000000000000000e+03 2.992000000000000000e+03 4.633000000000000000e+03 7.965000000000000000e+03 7.583000000000000000e+03 9.422000000000000000e+03 5.752000000000000000e+03 3.559000000000000000e+03 2.358000000000000000e+03 1.947000000000000000e+03 1.848000000000000000e+03 1.823000000000000000e+03
4.708000000000000000e+03 4.554000000000000000e+03 4.569000000000000000e+03 4.618000000000000000e+03 4.684000000000000000e+03 6.334000000000000000e+03 9.717000000000000000e+03 1.567800000000000000e+04 4.534500000000000000e+04 1.720800000000000000e+04 5.442000000000000000e+03 6.472000000000000000e+03 4.546000000000000000e+03 4.658000000000000000e+03 4.651000000000000000e+03 4.723000000000000000e+03
1.241000000000000000e+04 1.233600000000000000e+04 1.243800000000000000e+04 1.243100000000000000e+04 1.255300000000000000e+04 1.231300000000000000e+04 1.246000000000000000e+04 3.558600000000000000e+04 1.452890000000000000e+05 5.578200000000000000e+04 1.237700000000000000e+04 1.271700000000000000e+04 1.235400000000000000e+04 1.235900000000000000e+04 1.263000000000000000e+04 1.230200000000000000e+04
1.541800000000000000e+04 1.561700000000000000e+04 1.545700000000000000e+04 1.552300000000000000e+04 1.535100000000000000e+04 1.565500000000000000e+04 1.578500000000000000e+04 4.407200000000000000e+04 2.199550000000000000e+05 2.852700000000000000e+04 1.571600000000000000e+04 1.539300000000000000e+04 1.560800000000000000e+04 1.545000000000000000e+04 1.546300000000000000e+04 1.555900000000000000e+04
2.372700000000000000e+04 2.360700000000000000e+04 2.365100000000000000e+04 2.353200000000000000e+04 2.361800000000000000e+04 2.355000000000000000e+04 2.394800000000000000e+04 7.970200000000000000e+04 3.419240000000000000e+05 2.842500000000000000e+04 2.368300000000000000e+04 2.356300000000000000e+04 2.382100000000000000e+04 2.363600000000000000e+04 2.358600000000000000e+04 2.357100000000000000e+04
6.089000000000000000e+04 6.073200000000000000e+04 6.079200000000000000e+04 6.082000000000000000e+04 6.090400000000000000e+04 6.139400000000000000e+04 6.112500000000000000e+04 2.673890000000000000e+05 8.299450000000000000e+05 6.085700000000000000e+04 6.089300000000000000e+04 6.061300000000000000e+04 6.059200000000000000e+04 6.116700000000000000e+04 6.055100000000000000e+04 6.119400000000000000e+04
1.594640000000000000e+05 1.597680000000000000e+05 1.594830000000000000e+05 1.595940000000000000e+05 1.602580000000000000e+05 1.597430000000000000e+05 1.601360000000000000e+05 2.361057000000000000e+06 5.109950000000000000e+05 1.597260000000000000e+05 1.599160000000000000e+05 1.600180000000000000e+05 1.593990000000000000e+05 1.598680000000000000e+05 1.596500000000000000e+05 1.600020000000000000e+05
2.518600000000000000e+04 2.520900000000000000e+04 2.511900000000000000e+04 2.509800000000000000e+04 2.512500000000000000e+04 2.564900000000000000e+04 2.864100000000000000e+04 3.643100000000000000e+05 8.670600000000000000e+04 2.521200000000000000e+04 2.517700000000000000e+04 2.509200000000000000e+04 2.486100000000000000e+04 2.559200000000000000e+04 2.540400000000000000e+04 2.502000000000000000e+04
1.499700000000000000e+04 1.515800000000000000e+04 1.484400000000000000e+04 1.519600000000000000e+04 1.511500000000000000e+04 1.507100000000000000e+04 2.329400000000000000e+04 2.164690000000000000e+05 4.599000000000000000e+04 1.503700000000000000e+04 1.503700000000000000e+04 1.504800000000000000e+04 1.504600000000000000e+04 1.513600000000000000e+04 1.501700000000000000e+04 1.517000000000000000e+04
1.206900000000000000e+04 1.201500000000000000e+04 1.207200000000000000e+04 1.205400000000000000e+04 1.205800000000000000e+04 1.200400000000000000e+04 4.989600000000000000e+04 1.455100000000000000e+05 3.263200000000000000e+04 1.232100000000000000e+04 1.194400000000000000e+04 1.216700000000000000e+04 1.182100000000000000e+04 1.195900000000000000e+04 1.178300000000000000e+04 1.209500000000000000e+04
4.952000000000000000e+03 4.873000000000000000e+03 4.836000000000000000e+03 4.912000000000000000e+03 4.884000000000000000e+03 5.344000000000000000e+03 1.800200000000000000e+04 5.144700000000000000e+04 2.145600000000000000e+04 4.753000000000000000e+03 4.890000000000000000e+03 4.921000000000000000e+03 4.755000000000000000e+03 4.793000000000000000e+03 4.920000000000000000e+03 4.791000000000000000e+03
1.128000000000000000e+03 1.153000000000000000e+03 1.130000000000000000e+03 1.313000000000000000e+03 2.035000000000000000e+03 3.321000000000000000e+03 5.301000000000000000e+03 6.111000000000000000e+03 4.701000000000000000e+03 2.779000000000000000e+03 1.761000000000000000e+03 1.195000000000000000e+03 1.130000000000000000e+03 1.174000000000000000e+03 1.072000000000000000e+03 1.097000000000000000e+03
6.400000000000000000e+01 5.700000000000000000e+01 7.800000000000000000e+01 1.080000000000000000e+02 1.590000000000000000e+02 8.800000000000000000e+01 3.290000000000000000e+02 3.610000000000000000e+02 2.750000000000000000e+02 1.920000000000000000e+02 1.360000000000000000e+02 9.200000000000000000e+01 7.000000000000000000e+01 5.400000000000000000e+01 6.100000000000000000e+01 6.000000000000000000e+01
0.000000000000000000e+00 0.000000000000000000e+00 0.000000000000000000e+00 0.000000000000000000e+00 0.000000000000000000e+00 0.000000000000000000e+00 0.000000000000000000e+00 0.000000000000000000e+00 0.000000000000000000e+00 0.000000000000000000e+00 0.000000000000000000e+00 0.000000000000000000e+00 0.000000000000000000e+00 0.000000000000000000e+00 0.000000000000000000e+00 0.000000000000000000e+00
0.000000000000000000e+00 0.000000000000000000e+00 0.000000000000000000e+00 0.000000000000000000e+00 0.000000000000000000e+00 0.000000000000000000e+00 0.000000000000000000e+00 0.000000000000000000e+00 0.000000000000000000e+00 0.000000000000000000e+00 0.000000000000000000e+00 0.000000000000000000e+00 0.000000000000000000e+00 0.000000000000000000e+00 0.000000000000000000e+00 0.000000000000000000e+00
