0.000000000000000000e+00 0.000000000000000000e+00 0.000000000000000000e+00 0.000000000000000000e+00 0.000000000000000000e+00 0.000000000000000000e+00 0.000000000000000000e+00 0.000000000000000000e+00 0.000000000000000000e+00 0.000000000000000000e+00 0.000000000000000000e+00 0.000000000000000000e+00 0.000000000000000000e+00 0.000000000000000000e+00 0.000000000000000000e+00 0.000000000000000000e+00
0.000000000000000000e+00 0.000000000000000000e+00 0.000000000000000000e+00 0.000000000000000000e+00 0.000000000000000000e+00 0.000000000000000000e+00 0.000000000000000000e+00 0.000000000000000000e+00 0.000000000000000000e+00 0.000000000000000000e+00 0.000000000000000000e+00 0.000000000000000000e+00 0.000000000000000000e+00 0.000000000000000000e+00 0.000000000000000000e+00 0.000000000000000000e+00
-1.417996225332622906e+01 -4.713896952221213077e+00 -9.524912558734715873e+00 -3.692394564659132961e+00 -3.409476366779685907e+00 -3.395886492055257389e+00 -3.395274741988262956e+00 -3.395467480187707388e+00 -3.395347228485144253e+00 -3.395160656876951233e+00 -3.395123312267054771e+00 -3.395437929313048109e+00 -3.396122657960740199e+00 -3.396027507353554409e+00 -3.560630309626617418e+00 -3.840058093135602757e+00
0.000000000000000000e+00 0.000000000000000000e+00 0.000000000000000000e+00 0.000000000000000000e+00 0.000000000000000000e+00 0.000000000000000000e+00 0.000000000000000000e+00 0.000000000000000000e+00 0.000000000000000000e+00 0.000000000000000000e+00 0.000000000000000000e+00 0.000000000000000000e+00 0.000000000000000000e+00 0.000000000000000000e+00 0.000000000000000000e+00 0.000000000000000000e+00
0.000000000000000000e+00 0.000000000000000000e+00 0.000000000000000000e+00 0.000000000000000000e+00 0.000000000000000000e+00 0.000000000000000000e+00 0.000000000000000000e+00 0.000000000000000000e+00 0.000000000000000000e+00 0.000000000000000000e+00 0.000000000000000000e+00 0.000000000000000000e+00 0.000000000000000000e+00 0.000000000000000000e+00 0.000000000000000000e+00 0.000000000000000000e+00
0.000000000000000000e+00 0.000000000000000000e+00 0.000000000000000000e+00 0.000000000000000000e+00 0.000000000000000000e+00 0.000000000000000000e+00 0.000000000000000000e+00 0.000000000000000000e+00 0.000000000000000000e+00 0.000000000000000000e+00 0.000000000000000000e+00 0.000000000000000000e+00 0.000000000000000000e+00 0.000000000000000000e+00 0.000000000000000000e+00 0.000000000000000000e+00
0.000000000000000000e+00 0.000000000000000000e+00 0.000000000000000000e+00 0.000000000000000000e+00 0.000000000000000000e+00 0.000000000000000000e+00 0.000000000000000000e+00 0.000000000000000000e+00 0.000000000000000000e+00 0.000000000000000000e+00 0.000000000000000000e+00 0.000000000000000000e+00 0.000000000000000000e+00 0.000000000000000000e+00 0.000000000000000000e+00 0.000000000000000000e+00
-1.841063262619007657e-01 -1.377937232305067039e-01 -1.101589813375892929e-01 -9.470116285628357722e-02 -9.409628055646834799e-02 -9.418216689501482386e-02 -9.415027727491764864e-02 -9.418184010445863896e-02 -9.400540492148225236e-02 -9.420591994583872586e-02 -1.282533941983616588e+00 -9.397639195066220807e-02 -9.444051857968137342e-02 -9.416255672586661130e-02 -9.656944913256969298e-02 -1.161127811521556336e-01
-1.954079392597405374e-01 -1.164952447703268834e-01 -1.017578911078561438e-01 -9.419665864587312143e-02 -8.305848650339857364e-02 -8.298938498881186510e-02 -8.207309770647767955e-02 -8.218517830806591762e-02 -8.230695300635895717e-02 -8.212044104057186766e-02 -8.221142342091675159e-02 -8.256181479306722026e-02 -8.222794673557759504e-02 -8.286506892071639208e-02 -8.324589979457105993e-02 -1.206385268854129472e-01
-3.289831966307213973e-01 -2.665397070457887763e-01 -2.075995330195781474e-01 -4.730239302872320195e+00 -1.746215075700462138e-01 -1.744413077366362974e-01 -1.741830140434477425e-01 -1.745235799391713361e-01 -1.746452993718247693e-01 -1.743676802159984940e-01 -1.744167608366517797e-01 -1.743580639524654197e-01 -1.757988997642802587e-01 -1.759731729319698734e-01 -1.879418895719412175e-01 -2.170779853396396786e-01
-2.292512823932809085e-01 -1.970316570518027555e-01 -1.567680956417870086e-01 -1.508511625850429694e-01 -1.457268036079135409e-01 -1.448818259042762291e-01 -1.445829718425251098e-01 -1.447040603810035853e-01 -1.447782576108687103e-01 -1.445856890512833004e-01 -1.445707544729117888e-01 -1.450364120939383605e-01 -1.451149906747996321e-01 -1.477979628761819930e-01 -1.604198219101407030e-01 -1.728538694756839578e-01
-7.269939276252485039e-01 -6.043195937894028091e-01 -4.890158008438247883e-01 -4.182884584862298083e-01 -3.768130752628930935e-01 -3.765949202813902441e-01 -3.763760626316506874e-01 -3.757832132960232108e-01 -3.757514435801223018e-01 -3.759275631698177911e-01 -3.757334290053683801e-01 -3.763416956585557971e-01 -3.769762954950605094e-01 -3.826627056887551559e-01 -4.062515499500216620e-01 -5.612681699552792836e-01
-9.910143389565520877e+00 -2.147726512458522308e+00 -1.670469154439787607e+00 -1.323282881012026513e+00 -2.969678293450802808e+00 -1.008243912510814244e+00 -1.008014334318469762e+00 -1.008106360360944587e+00 -1.008007272374263463e+00 -1.008060785889329347e+00 -1.008140627097417141e+00 -1.008487804764203855e+00 -1.012064888134327489e+00 -1.201561130110916364e+00 -5.501163387807194383e+00 -7.299710849910153954e+00
-6.131611115492791697e+00 -8.684010823773324006e+00 -6.687084426090759592e+00 -4.849408091872107640e+00 -3.426662681162532920e+00 -1.616500645918134138e+00 -1.353029553119428963e+00 -1.353048617082503347e+00 -1.353032124014682758e+00 -1.353035724258231154e+00 -1.353079074893128064e+00 -1.538260556186165307e+00 -3.239873980084925442e+00 -4.766580159295765284e+00 -6.588500399790835793e+00 -4.797370546901147392e+00
-1.424268238009705279e+01 -1.114193580154808139e+01 -8.446328996271056155e+00 -6.121970727622717767e+00 -4.251120443061160437e+00 -2.683942014628479811e+00 -1.631302162577948911e+00 -1.330650429897950238e+00 -1.330591844172025917e+00 -1.330716227279950203e+00 -1.736235312301653844e+00 -2.867772626685919146e+00 -4.384131375576380663e+00 -6.384473700899804705e+00 -8.865581078083469180e+00 -1.165903927979448085e+01
-1.537552582288958192e+01 -1.138442630631214314e+01 -7.609625629970785177e+00 -6.110900827586871031e+00 -4.090322785185052545e+00 -2.575182580282969980e+00 -1.498591499702459862e+00 -1.196191007063270639e+00 -1.196182292736631680e+00 -1.203275943894031919e+00 -1.853734899553890703e+00 -3.068305726691910706e+00 -5.190978004906345866e+00 -7.242185634289743490e+00 -9.491892318711624199e+00 -1.255418567641064520e+01
-1.553176705811070590e+01 -1.199879772956220414e+01 -8.768197812862373652e+00 -6.172624986014798587e+00 -4.209124255878760046e+00 -2.547951881844407129e+00 -1.510607979868533457e+00 -1.122638944722595733e+00 -1.122630749244194925e+00 -1.259768129197249564e+00 -2.136474075850876897e+00 -3.538061200368715298e+00 -5.325213539606634683e+00 -7.859225241210959112e+00 -1.074717678016689426e+01 -1.388465428069495289e+01
-1.568605073546401840e+01 -1.209829383174633932e+01 -8.914745760715629075e+00 -6.304360751038230681e+00 -4.190480067018811816e+00 -2.620575158687655559e+00 -1.565407274442302210e+00 -1.106713222960606924e+00 -1.106687074436613960e+00 -1.485382855048478890e+00 -2.485192219284963588e+00 -3.986145407562918574e+00 -6.049763499251853638e+00 -8.582335966918101633e+00 -1.171636553734722419e+01 -1.526595854482819448e+01
-1.527738096876599805e+01 -1.172278479861375189e+01 -8.598742757070716891e+00 -6.071991032990623260e+00 -4.013178565384277974e+00 -2.504873324957275216e+00 -1.500950801388814648e+00 -1.107791390490450834e+00 -1.107795653612994036e+00 -1.551625799498513203e+00 -2.584823331159969761e+00 -4.144518646430809028e+00 -6.214744488672284461e+00 -8.830008036812662553e+00 -1.192730729661275646e+01 -1.549360398095735114e+01
-1.422068087314628038e+01 -1.076539987236442641e+01 -7.869009624198859854e+00 -5.558538434002651130e+00 -3.563825668686464887e+00 -2.168513657048137588e+00 -1.277597849293158339e+00 -1.116245760071706172e+00 -1.116280321262704822e+00 -1.493426878507449818e+00 -2.567330650624476185e+00 -4.207438463480183799e+00 -6.226641864479426580e+00 -9.080889702899284543e+00 -1.207699352476333132e+01 -1.587674689562613217e+01
-1.265415946136702097e+01 -9.587964413050809043e+00 -6.916487541316759469e+00 -5.055396711507793128e+00 -3.083645670874497480e+00 -1.846244223658159767e+00 -1.185051369802784471e+00 -1.180410300798077516e+00 -1.180483896736945759e+00 -1.505038346413555495e+00 -2.510911614257016478e+00 -4.028348720171786468e+00 -6.371183376459218728e+00 -8.437041507135711882e+00 -1.228932510039791204e+01 -1.439227570093588859e+01
-1.178568010732870341e+01 -8.883156979492341065e+00 -6.434879186654160144e+00 -4.429656216428588422e+00 -2.863129831893540533e+00 -1.720575847453263085e+00 -1.296178988871995896e+00 -1.296098540846309266e+00 -1.296152297636915085e+00 -1.575535118289052683e+00 -2.610089118238889228e+00 -4.469786560662511121e+00 -6.055822187020996061e+00 -9.091590291726658890e+00 -1.097543872385011099e+01 -1.398644455468850367e+01
-1.128387181607595302e+01 -4.000948564993755063e+00 -5.006715109723406165e+00 -4.445121222386517523e+00 -2.184210383599916927e+00 -1.324058011600457885e+00 -1.323849865287089589e+00 -1.323838575739371359e+00 -1.323864103802316450e+00 -1.569881047791934714e+00 -2.666341539430254759e+00 -3.441902770943293000e+00 -4.952964857912254715e+00 -3.937366682048835553e+00 -5.142699002140970421e+00 -6.475142863684207661e+00
-1.437578713614833692e+00 -5.354569707163513215e+00 -7.956466394437408107e-01 -6.408125100062151969e-01 -6.396360476787065208e-01 -6.397821805046126631e-01 -6.397018035662832558e-01 -6.396840086809598702e-01 -6.397023653661836340e-01 -6.396390472721282805e-01 -6.398019413152150614e-01 -6.476546931251746519e-01 -8.618585259233156881e-01 -1.160501422251637660e+00 -1.406751419050802365e+00 -9.569680791479374449e+00
-8.515700956168544000e-02 -5.753969274703556180e-02 -5.739458367953161749e-02 -5.606719368632975126e-02 -5.602790372449117928e-02 -8.742812066892285960e-01 -5.606403662392815679e-02 -5.595540559547765302e-02 -5.613323939290023462e-02 -5.618987060544688994e-02 -5.801288529922977305e-02 -5.648190054844108576e-02 -5.621216384994939808e-02 -5.906151646348563322e-02 -8.603693490431209290e-02 -1.081444665812065359e-01
0.000000000000000000e+00 0.000000000000000000e+00 0.000000000000000000e+00 0.000000000000000000e+00 0.000000000000000000e+00 0.000000000000000000e+00 0.000000000000000000e+00 0.000000000000000000e+00 0.000000000000000000e+00 0.000000000000000000e+00 0.000000000000000000e+00 0.000000000000000000e+00 0.000000000000000000e+00 0.000000000000000000e+00 0.000000000000000000e+00 0.000000000000000000e+00
0.000000000000000000e+00 0.000000000000000000e+00 0.000000000000000000e+00 0.000000000000000000e+00 0.000000000000000000e+00 0.000000000000000000e+00 0.000000000000000000e+00 0.000000000000000000e+00 0.000000000000000000e+00 0.000000000000000000e+00 0.000000000000000000e+00 0.000000000000000000e+00 0.000000000000000000e+00 0.000000000000000000e+00 0.000000000000000000e+00 0.000000000000000000e+00
