1.000000000000000000e+00 1.000000000000000000e+00 1.000000000000000000e+00 1.000000000000000000e+00 1.000000000000000000e+00 1.000000000000000000e+00 1.000000000000000000e+00 1.000000000000000000e+00 1.000000000000000000e+00 1.000000000000000000e+00 1.000000000000000000e+00 1.000000000000000000e+00 1.000000000000000000e+00 1.000000000000000000e+00 1.000000000000000000e+00 1.000000000000000000e+00
1.000000000000000000e+00 1.000000000000000000e+00 1.000000000000000000e+00 1.000000000000000000e+00 1.000000000000000000e+00 1.000000000000000000e+00 1.000000000000000000e+00 1.000000000000000000e+00 1.000000000000000000e+00 1.000000000000000000e+00 1.000000000000000000e+00 1.000000000000000000e+00 1.000000000000000000e+00 1.000000000000000000e+00 1.000000000000000000e+00 1.000000000000000000e+00
1.057740000000000000e+05 1.058600000000000000e+05 1.058430000000000000e+05 1.053670000000000000e+05 1.047370000000000000e+05 1.034190000000000000e+05 1.013390000000000000e+05 9.921700000000000000e+04 9.600700000000000000e+04 9.601900000000000000e+04 1.027080000000000000e+05 9.932000000000000000e+04 1.014270000000000000e+05 1.028790000000000000e+05 1.041020000000000000e+05 1.047930000000000000e+05
1.000000000000000000e+00 1.000000000000000000e+00 1.000000000000000000e+00 1.000000000000000000e+00 1.000000000000000000e+00 1.000000000000000000e+00 1.000000000000000000e+00 1.000000000000000000e+00 1.000000000000000000e+00 1.000000000000000000e+00 1.000000000000000000e+00 1.000000000000000000e+00 1.000000000000000000e+00 1.000000000000000000e+00 1.000000000000000000e+00 1.000000000000000000e+00
1.000000000000000000e+00 1.000000000000000000e+00 1.000000000000000000e+00 1.000000000000000000e+00 1.000000000000000000e+00 1.000000000000000000e+00 1.000000000000000000e+00 1.000000000000000000e+00 1.000000000000000000e+00 1.000000000000000000e+00 1.000000000000000000e+00 1.000000000000000000e+00 1.000000000000000000e+00 1.000000000000000000e+00 1.000000000000000000e+00 1.000000000000000000e+00
1.000000000000000000e+00 1.000000000000000000e+00 1.000000000000000000e+00 1.000000000000000000e+00 1.000000000000000000e+00 1.000000000000000000e+00 1.000000000000000000e+00 1.000000000000000000e+00 1.000000000000000000e+00 1.000000000000000000e+00 1.000000000000000000e+00 1.000000000000000000e+00 1.000000000000000000e+00 1.000000000000000000e+00 1.000000000000000000e+00 1.000000000000000000e+00
1.000000000000000000e+00 1.000000000000000000e+00 1.000000000000000000e+00 1.000000000000000000e+00 1.000000000000000000e+00 1.000000000000000000e+00 1.000000000000000000e+00 1.000000000000000000e+00 1.000000000000000000e+00 1.000000000000000000e+00 1.000000000000000000e+00 1.000000000000000000e+00 1.000000000000000000e+00 1.000000000000000000e+00 1.000000000000000000e+00 1.000000000000000000e+00
2.450000000000000000e+03 2.456000000000000000e+03 2.455000000000000000e+03 2.445000000000000000e+03 2.419000000000000000e+03 2.376000000000000000e+03 2.330000000000000000e+03 2.265000000000000000e+03 2.220000000000000000e+03 2.214000000000000000e+03 2.447000000000000000e+03 2.315000000000000000e+03 2.371000000000000000e+03 2.415000000000000000e+03 2.443000000000000000e+03 2.450000000000000000e+03
2.484000000000000000e+03 2.511000000000000000e+03 2.501000000000000000e+03 2.483000000000000000e+03 2.471000000000000000e+03 2.431000000000000000e+03 2.388000000000000000e+03 2.327000000000000000e+03 2.284000000000000000e+03 2.283000000000000000e+03 2.317000000000000000e+03 2.380000000000000000e+03 2.432000000000000000e+03 2.470000000000000000e+03 2.498000000000000000e+03 2.486000000000000000e+03
5.765000000000000000e+03 5.774000000000000000e+03 5.770000000000000000e+03 5.752000000000000000e+03 5.696000000000000000e+03 5.623000000000000000e+03 5.496000000000000000e+03 5.360000000000000000e+03 5.243000000000000000e+03 5.206000000000000000e+03 5.344000000000000000e+03 5.498000000000000000e+03 5.627000000000000000e+03 5.712000000000000000e+03 5.762000000000000000e+03 5.773000000000000000e+03
5.540000000000000000e+03 5.535000000000000000e+03 5.538000000000000000e+03 5.487000000000000000e+03 5.446000000000000000e+03 5.379000000000000000e+03 5.288000000000000000e+03 5.178000000000000000e+03 5.066000000000000000e+03 5.069000000000000000e+03 5.184000000000000000e+03 5.302000000000000000e+03 5.396000000000000000e+03 5.465000000000000000e+03 5.514000000000000000e+03 5.534000000000000000e+03
1.588100000000000000e+04 1.586800000000000000e+04 1.585300000000000000e+04 1.577900000000000000e+04 1.567600000000000000e+04 1.544100000000000000e+04 1.510600000000000000e+04 1.462500000000000000e+04 1.411800000000000000e+04 1.425900000000000000e+04 1.474900000000000000e+04 1.524700000000000000e+04 1.554700000000000000e+04 1.575000000000000000e+04 1.587300000000000000e+04 1.585400000000000000e+04
5.727500000000000000e+04 5.723100000000000000e+04 5.722000000000000000e+04 5.715400000000000000e+04 5.723100000000000000e+04 5.606500000000000000e+04 5.442400000000000000e+04 5.109200000000000000e+04 5.147400000000000000e+04 4.963500000000000000e+04 5.330500000000000000e+04 5.549800000000000000e+04 5.669900000000000000e+04 5.711000000000000000e+04 5.720900000000000000e+04 5.723400000000000000e+04
1.432000000000000000e+05 1.433540000000000000e+05 1.433390000000000000e+05 1.432900000000000000e+05 1.432240000000000000e+05 1.415740000000000000e+05 1.381910000000000000e+05 1.322300000000000000e+05 1.025630000000000000e+05 1.307000000000000000e+05 1.424660000000000000e+05 1.414360000000000000e+05 1.433620000000000000e+05 1.432500000000000000e+05 1.432570000000000000e+05 1.431850000000000000e+05
3.859280000000000000e+05 3.860020000000000000e+05 3.859000000000000000e+05 3.859070000000000000e+05 3.857850000000000000e+05 3.860250000000000000e+05 3.858780000000000000e+05 3.627520000000000000e+05 2.530490000000000000e+05 3.425560000000000000e+05 3.859610000000000000e+05 3.856210000000000000e+05 3.859840000000000000e+05 3.859790000000000000e+05 3.857080000000000000e+05 3.860360000000000000e+05
4.791320000000000000e+05 4.789330000000000000e+05 4.790930000000000000e+05 4.790270000000000000e+05 4.791990000000000000e+05 4.788950000000000000e+05 4.787650000000000000e+05 4.504780000000000000e+05 2.745950000000000000e+05 4.660230000000000000e+05 4.788340000000000000e+05 4.791570000000000000e+05 4.789420000000000000e+05 4.791000000000000000e+05 4.790870000000000000e+05 4.789910000000000000e+05
7.338180000000000000e+05 7.339380000000000000e+05 7.338940000000000000e+05 7.340130000000000000e+05 7.339270000000000000e+05 7.339950000000000000e+05 7.335970000000000000e+05 6.778430000000000000e+05 4.156210000000000000e+05 7.291200000000000000e+05 7.338620000000000000e+05 7.339820000000000000e+05 7.337240000000000000e+05 7.339090000000000000e+05 7.339590000000000000e+05 7.339740000000000000e+05
1.888969000000000000e+06 1.889127000000000000e+06 1.889067000000000000e+06 1.889039000000000000e+06 1.888955000000000000e+06 1.888465000000000000e+06 1.888734000000000000e+06 1.682470000000000000e+06 1.119914000000000000e+06 1.889002000000000000e+06 1.888966000000000000e+06 1.889246000000000000e+06 1.889267000000000000e+06 1.888692000000000000e+06 1.889308000000000000e+06 1.888665000000000000e+06
4.949614000000000000e+06 4.949310000000000000e+06 4.949595000000000000e+06 4.949484000000000000e+06 4.948820000000000000e+06 4.949335000000000000e+06 4.948942000000000000e+06 2.748021000000000000e+06 4.598083000000000000e+06 4.949352000000000000e+06 4.949162000000000000e+06 4.949060000000000000e+06 4.949679000000000000e+06 4.949210000000000000e+06 4.949428000000000000e+06 4.949076000000000000e+06
7.822160000000000000e+05 7.821930000000000000e+05 7.822830000000000000e+05 7.823040000000000000e+05 7.822770000000000000e+05 7.817530000000000000e+05 7.787610000000000000e+05 4.430920000000000000e+05 7.206960000000000000e+05 7.821900000000000000e+05 7.822250000000000000e+05 7.823100000000000000e+05 7.825410000000000000e+05 7.818100000000000000e+05 7.819980000000000000e+05 7.823820000000000000e+05
4.666290000000000000e+05 4.664680000000000000e+05 4.667820000000000000e+05 4.664300000000000000e+05 4.665110000000000000e+05 4.665550000000000000e+05 4.583320000000000000e+05 2.651570000000000000e+05 4.356360000000000000e+05 4.665890000000000000e+05 4.665890000000000000e+05 4.665780000000000000e+05 4.665800000000000000e+05 4.664900000000000000e+05 4.666090000000000000e+05 4.664560000000000000e+05
3.723320000000000000e+05 3.723860000000000000e+05 3.723290000000000000e+05 3.723470000000000000e+05 3.723430000000000000e+05 3.723970000000000000e+05 3.345050000000000000e+05 2.388910000000000000e+05 3.517690000000000000e+05 3.720800000000000000e+05 3.724570000000000000e+05 3.722340000000000000e+05 3.725800000000000000e+05 3.724420000000000000e+05 3.726180000000000000e+05 3.723060000000000000e+05
1.495780000000000000e+05 1.496570000000000000e+05 1.496940000000000000e+05 1.496180000000000000e+05 1.496460000000000000e+05 1.491860000000000000e+05 1.365280000000000000e+05 1.030830000000000000e+05 1.330740000000000000e+05 1.497770000000000000e+05 1.496400000000000000e+05 1.496090000000000000e+05 1.497750000000000000e+05 1.497370000000000000e+05 1.496100000000000000e+05 1.497390000000000000e+05
3.527400000000000000e+04 3.524900000000000000e+04 3.527200000000000000e+04 3.508900000000000000e+04 3.436700000000000000e+04 3.308100000000000000e+04 3.110100000000000000e+04 3.029100000000000000e+04 3.170100000000000000e+04 3.362300000000000000e+04 3.464100000000000000e+04 3.520700000000000000e+04 3.527200000000000000e+04 3.522800000000000000e+04 3.533000000000000000e+04 3.530500000000000000e+04
2.121000000000000000e+03 2.128000000000000000e+03 2.107000000000000000e+03 2.077000000000000000e+03 2.026000000000000000e+03 2.097000000000000000e+03 1.856000000000000000e+03 1.824000000000000000e+03 1.910000000000000000e+03 1.993000000000000000e+03 2.049000000000000000e+03 2.093000000000000000e+03 2.115000000000000000e+03 2.131000000000000000e+03 2.124000000000000000e+03 2.125000000000000000e+03
1.000000000000000000e+00 1.000000000000000000e+00 1.000000000000000000e+00 1.000000000000000000e+00 1.000000000000000000e+00 1.000000000000000000e+00 1.000000000000000000e+00 1.000000000000000000e+00 1.000000000000000000e+00 1.000000000000000000e+00 1.000000000000000000e+00 1.000000000000000000e+00 1.000000000000000000e+00 1.000000000000000000e+00 1.000000000000000000e+00 1.000000000000000000e+00
1.000000000000000000e+00 1.000000000000000000e+00 1.000000000000000000e+00 1.000000000000000000e+00 1.000000000000000000e+00 1.000000000000000000e+00 1.000000000000000000e+00 1.000000000000000000e+00 1.000000000000000000e+00 1.000000000000000000e+00 1.000000000000000000e+00 1.000000000000000000e+00 1.000000000000000000e+00 1.000000000000000000e+00 1.000000000000000000e+00 1.000000000000000000e+00
