1.000000000000000000e+00
1.033333333333333215e+01
1.007275350193653018e+01
1.033333333333333215e+01
1.033333333333333215e+01
1.000434601200612938e+01
9.963007718307942184e+00
9.965679373856081824e+00
9.965506798405263211e+00
9.965517948524553304e+00
9.965517186723655385e+00
9.965517243764216104e+00
9.965517235191573064e+00
9.965517245732465668e+00
9.965517236348512498e+00
9.965517246129849127e+00
9.965517236513807831e+00
9.965517246200738199e+00
9.965517236538499191e+00
9.965517246213792646e+00
9.965517236541149515e+00
9.965517246217514113e+00
9.965517236540446078e+00
9.965517246218606573e+00
9.965517236539996659e+00
9.965517246219603109e+00
9.965517236538829593e+00
9.965517246219530278e+00
9.965517236539019663e+00
9.965517246219802061e+00
1.033333333333333215e+01
1.033333333333333215e+01
1.006840594588822846e+01
9.958867526764517919e+00
9.965946949676560251e+00
9.965489517844899225e+00
9.965519093549612961e+00
9.965517107513383266e+00
9.965517277660255857e+00
9.965517238751457896e+00
9.965517247435082382e+00
9.965517236977024851e+00
9.965517246403869933e+00
9.965517236618008923e+00
9.965517246246335503e+00
9.965517236556467040e+00
9.965517246219610215e+00
9.965517236547119850e+00
9.965517246214432134e+00
9.965517236546393320e+00
9.965517246212142410e+00
9.965517236546856950e+00
9.965517246210753299e+00
9.965517236547890789e+00
9.965517246209675051e+00
9.965517236549224833e+00
9.965517246208859703e+00
9.965517236550176960e+00
9.965517246207616253e+00
9.965517236551661995e+00
1.033333333333333215e+01
1.033333333333333215e+01
1.006840594784920384e+01
9.958867526672085191e+00
9.965946935817294516e+00
9.965489528290637722e+00
9.965519094336269035e+00
9.965517107393219831e+00
9.965517277417314190e+00
9.965517238770917885e+00
9.965517247426001646e+00
9.965517236999746231e+00
9.965517246389973494e+00
9.965517236637852605e+00
9.965517246229383730e+00
9.965517236575218263e+00
9.965517246201105905e+00
9.965517236565741399e+00
9.965517246195616963e+00
9.965517236565290204e+00
9.965517246193570600e+00
9.965517236566334702e+00
9.965517246191778256e+00
9.965517236567562165e+00
9.965517246190520595e+00
9.965517236569111148e+00
9.965517246189012468e+00
9.965517236570528681e+00
9.965517246187562961e+00
9.965517236571539428e+00
1.033333333333333215e+01
1.033333333333333215e+01
1.006840594784715393e+01
9.958867526690582395e+00
9.965946935254264005e+00
9.965489544200599070e+00
9.965519094236540809e+00
9.965517107457770862e+00
9.965517251058775727e+00
9.965517237809995876e+00
9.965517246772586546e+00
