1.000000000000000000e+00
1.033333333333333215e+01
1.007275350193653018e+01
1.033333333333333215e+01
1.033333333333333215e+01
1.000434601200612938e+01
9.963007718307942184e+00
9.965679373856081824e+00
9.965506798405263211e+00
9.965517948524553304e+00
9.965517186723655385e+00
9.965517243764216104e+00
9.965517235191573064e+00
9.965517245732465668e+00
9.965517236348512498e+00
9.965517246129849127e+00
9.965517236513807831e+00
9.965517246200738199e+00
9.965517236538499191e+00
9.965517246213792646e+00
9.965517236541149515e+00
9.965517246217514113e+00
9.965517236540446078e+00
9.965517246218606573e+00
9.965517236539996659e+00
9.965517246219603109e+00
9.965517236538829593e+00
9.965517246219530278e+00
9.965517236539019663e+00
9.965517246219802061e+00
1.037931033791298852e+01
1.033333333333333215e+01
1.033333333333333215e+01
9.987274900597990168e+00
9.964111061016668103e+00
9.965608029779968291e+00
9.965511401727054519e+00
9.965517654223285504e+00
9.965517207078773865e+00
9.965517243862519692e+00
9.965517235213930292e+00
9.965517245748102937e+00
9.965517236339138663e+00
9.965517246134233176e+00
9.965517236509610299e+00
9.965517246201143209e+00
9.965517236538627088e+00
9.965517246211611280e+00
9.965517236544339852e+00
9.965517246212336033e+00
9.965517236546620694e+00
9.965517246211867075e+00
9.965517236547762892e+00
9.965517246210833235e+00
9.965517236549075619e+00
9.965517246209495639e+00
9.965517236549656488e+00
9.965517246208321467e+00
9.965517236550907043e+00
9.965517246206838209e+00
1.037931033793163671e+01
1.033333333333333215e+01
1.033333333333333215e+01
9.987274900689680379e+00
9.964111061405409586e+00
9.965607995267458108e+00
9.965511406054565313e+00
9.965517654335958042e+00
9.965517211519015817e+00
9.965517243537728831e+00
9.965517234969487603e+00
9.965517245650085343e+00
9.965517236318062189e+00
9.965517246100940696e+00
9.965517236520980759e+00
9.965517246180125355e+00
9.965517236555916369e+00
9.965517246192488798e+00
9.965517236562899228e+00
9.965517246193266843e+00
9.965517236565109016e+00
9.965517246192222345e+00
9.965517236566903136e+00
9.965517246191149425e+00
9.965517236568159021e+00
9.965517246189449452e+00
9.965517236569516157e+00
9.965517246188033695e+00
9.965517236571114879e+00
9.965517246187022948e+00
1.037931033796073343e+01
1.033333333333333215e+01
1.033333333333333215e+01
9.987274900706664127e+00
9.964111061782324086e+00
9.965607940317967817e+00
9.965511413043255828e+00
9.965517654110739088e+00
9.965517211548261756e+00
9.965517243535053638e+00
9.965517235001417617e+00
