1.000000000000000000e+00
1.033333333333333215e+01
1.007275350193653018e+01
1.033333333333333215e+01
1.033333333333333215e+01
1.000434601200612938e+01
9.963007718307942184e+00
9.965679373856081824e+00
9.965506798405263211e+00
9.965517948524553304e+00
9.965517186723655385e+00
9.965517243764216104e+00
9.965517235191573064e+00
9.965517245732465668e+00
9.965517236348512498e+00
9.965517246129849127e+00
9.965517236513807831e+00
9.965517246200738199e+00
9.965517236538499191e+00
9.965517246213792646e+00
9.965517236541149515e+00
9.965517246217514113e+00
9.965517236540446078e+00
9.965517246218606573e+00
9.965517236539996659e+00
9.965517246219603109e+00
9.965517236538829593e+00
9.965517246219530278e+00
9.965517236539019663e+00
9.965517246219802061e+00
9.000000000000000000e+00
9.044007135146339138e+00
1.033333333333333215e+01
1.033333333333333215e+01
1.006044044043188990e+01
9.959382319864042543e+00
9.965913669988722745e+00
9.965491666274433058e+00
9.965518957794484933e+00
9.965517117382947987e+00
9.965517276489499920e+00
9.965517238837088954e+00
9.965517247499084519e+00
9.965517236998145734e+00
9.965517246412529673e+00
9.965517236622940089e+00
9.965517246246994532e+00
9.965517236557992931e+00
9.965517246218462688e+00
9.965517236548089741e+00
9.965517246212742819e+00
9.965517236547006164e+00
9.965517246210849223e+00
9.965517236547793090e+00
9.965517246209536495e+00
9.965517236549130686e+00
9.965517246208955626e+00
9.965517236550306635e+00
9.965517246207705071e+00
9.965517236551789892e+00
9.000000000000000000e+00
9.044007126297683996e+00
1.033333333333333215e+01
1.033333333333333215e+01
1.006044044176006835e+01
9.959382319809451545e+00
9.965913659850768269e+00
9.965491676221502004e+00
9.965518958243107406e+00
9.965517117236839084e+00
9.965517276242914946e+00
9.965517238856657301e+00
9.965517247488650199e+00
9.965517237020925734e+00
9.965517246397654461e+00
9.965517236642936538e+00
9.965517246229504522e+00
9.965517236577369431e+00
9.965517246200183976e+00
9.965517236567018600e+00
9.965517246193913437e+00
9.965517236566467929e+00
9.965517246191797796e+00
9.965517236567542625e+00
9.965517246190387368e+00
9.965517236569093384e+00
9.965517246189033784e+00
9.965517236570509141e+00
9.965517246187580724e+00
9.965517236571519888e+00
9.000000000000000000e+00
9.044007126286494724e+00
1.033333333333333215e+01
1.033333333333333215e+01
1.006044044176348784e+01
9.959382319826900698e+00
9.965913659276468550e+00
9.965491691415468978e+00
9.965518957841711156e+00
9.965517117320523255e+00
9.965517250345605760e+00
