1.000000000000000000e+00
1.166666666666666607e+01
9.000000000000000000e+00
1.033333333333333215e+01
1.033333333333333215e+01
1.033333333333333215e+01
9.666666666666666075e+00
1.033333333333333215e+01
9.666666666666666075e+00
1.033333333333333215e+01
9.666666666666666075e+00
1.033333333333333215e+01
9.666666666666666075e+00
1.033333333333333215e+01
9.666666666666666075e+00
1.033333333333333215e+01
9.666666666666666075e+00
1.033333333333333215e+01
9.666666666666666075e+00
1.033333333333333215e+01
9.666666666666666075e+00
1.033333333333333215e+01
9.666666666666666075e+00
1.033333333333333215e+01
9.666666666666666075e+00
1.033333333333333215e+01
9.666666666666666075e+00
1.033333333333333215e+01
9.666666666666666075e+00
1.033333333333333215e+01
1.033333333333333215e+01
1.033333333333333215e+01
1.033333333333333215e+01
9.666666666666666075e+00
1.033333333333333215e+01
1.033333333333333215e+01
9.666666666666666075e+00
1.033333333333333215e+01
9.666666666666666075e+00
1.033333333333333215e+01
9.666666666666666075e+00
1.033333333333333215e+01
9.666666666666666075e+00
1.033333333333333215e+01
1.033333333333333215e+01
9.666666666666666075e+00
1.033333333333333215e+01
9.666666666666666075e+00
1.033333333333333215e+01
9.666666666666666075e+00
1.033333333333333215e+01
9.666666666666666075e+00
1.033333333333333215e+01
9.666666666666666075e+00
1.033333333333333215e+01
9.666666666666666075e+00
1.033333333333333215e+01
1.033333333333333215e+01
9.666666666666666075e+00
1.033333333333333215e+01
9.000000000000000000e+00
1.033333333333333215e+01
1.033333333333333215e+01
1.033333333333333215e+01
9.666666666666666075e+00
1.033333333333333215e+01
9.666666666666666075e+00
1.033333333333333215e+01
9.666666666666666075e+00
1.033333333333333215e+01
9.666666666666666075e+00
1.033333333333333215e+01
1.033333333333333215e+01
9.666666666666666075e+00
1.033333333333333215e+01
9.666666666666666075e+00
1.033333333333333215e+01
9.666666666666666075e+00
1.033333333333333215e+01
9.666666666666666075e+00
1.033333333333333215e+01
9.666666666666666075e+00
1.033333333333333215e+01
9.666666666666666075e+00
1.033333333333333215e+01
1.033333333333333215e+01
9.666666666666666075e+00
1.033333333333333215e+01
9.666666666666666075e+00
1.033333333333333215e+01
1.100000000000000000e+01
1.033333333333333215e+01
1.033333333333333215e+01
9.666666666666666075e+00
1.033333333333333215e+01
9.666666666666666075e+00
1.033333333333333215e+01
1.033333333333333215e+01
9.666666666666666075e+00
1.033333333333333215e+01
9.666666666666666075e+00
