5.000000000000000000e-01
3.436912193311400188e+00
4.022323801929967857e+00
4.652480193943574704e+00
4.935627726179720121e+00
5.062854115431848712e+00
4.936463734376370205e+00
5.063229739067187651e+00
4.936632537765234474e+00
5.063305560916702142e+00
4.936666579216365314e+00
5.063320903026845343e+00
4.936673472882162628e+00
5.063324000540692538e+00
4.936674864695042686e+00
5.063324625913129040e+00
4.936675145702439593e+00
5.063324752169120480e+00
4.936675202441676902e+00
5.063324777655545006e+00
4.936675213901576598e+00
5.063324782797329782e+00
4.936675216219426510e+00
5.063324783831873788e+00
4.936675216691179813e+00
5.063324784037505744e+00
4.936675216789873311e+00
5.063324784076083773e+00
4.936675216813025457e+00
2.063324784081201457e+00
3.405131189389349888e+00
4.375157676012182861e+00
4.811018702544978431e+00
5.006863674725561708e+00
4.911305604028854965e+00
5.051925481419283770e+00
5.115110092315878987e+00
4.959943857986777616e+00
5.073780059037118484e+00
4.941373075189407160e+00
5.065435668037376438e+00
4.937623698239132608e+00
5.063750964262348830e+00
4.936866711963841858e+00
5.063410828377575612e+00
4.936713879046504161e+00
5.063342156114047476e+00
5.120239951639583786e+00
4.962248852519597797e+00
5.074815759849733432e+00
4.941838445625325704e+00
5.065644772452703393e+00
4.937717654932177069e+00
5.063793181716507164e+00
4.936885681502965362e+00
5.063419351930394718e+00
4.936717708937429450e+00
5.063343876984820469e+00
4.936683795856502854e+00
2.063328638852867769e+00
4.322917980810146332e+00
4.787545895978589705e+00
4.996316664083638059e+00
5.090123413667015484e+00
4.948716618588527183e+00
5.068735334952754634e+00
4.939106334330751302e+00
5.064417155624304279e+00
4.937166051090046359e+00
5.063545330106504316e+00
5.120331243893482487e+00
4.962289872786641354e+00
5.074834191423929219e+00
4.941846727480506907e+00
5.065648493715396050e+00
4.937719327017741300e+00
5.063793933019794302e+00
4.936886019098816192e+00
5.063419503609821959e+00
4.936717777103925897e+00
5.063343907602751770e+00
4.936683809625702857e+00
5.063328645029262276e+00
5.120233880682708794e+00
4.962246124676419790e+00
5.074814534124388210e+00
4.941837894889630434e+00
5.065644524971841811e+00
4.937717543750345328e+00
2.063793131742103881e+00
3.956012652877790359e+00
4.622684692083028679e+00
4.922239753182985567e+00
5.056838511642689049e+00
4.933760746522510843e+00
5.062015228019067337e+00
4.936086795350161260e+00
5.063060389201347711e+00
5.120113345163039398e+00
4.962191964575348280e+00
5.074790198417181486e+00
