5.000000000000000000e-01
3.069798169124143605e+00
4.152735969979271857e+00
4.711078157092110530e+00
4.961957493568144528e+00
4.984103008049316053e+00
4.982671764005670134e+00
4.982764215140036868e+00
4.982758241861845683e+00
4.982758649969469822e+00
4.982758619412026135e+00
4.982758624004513415e+00
4.982758618357607361e+00
4.982758623384724750e+00
4.982758618144722540e+00
4.982758623296173361e+00
4.982758618106746695e+00
4.982758623282945720e+00
4.982758618099753178e+00
4.982758623281526411e+00
4.982758618097759218e+00
4.982758623281902999e+00
4.982758618097173908e+00
4.982758623282143695e+00
4.982758618096640113e+00
4.982758623282768973e+00
4.982758618096679193e+00
4.982758623282666832e+00
4.982758618096533532e+00
3.982758623282628641e+00
4.634702432278224649e+00
4.927639671845590819e+00
4.986320967804721782e+00
4.982528419816127929e+00
4.982773472583089003e+00
4.982757628455563470e+00
4.982758692403543854e+00
4.982758601253433284e+00
4.982758622097432699e+00
4.982758617445490756e+00
4.982758623048021640e+00
4.982758617997926187e+00
4.982758623240351348e+00
4.982758618082319124e+00
4.982758623273320531e+00
4.982758618096636560e+00
4.982758623278328081e+00
4.982758618099410342e+00
4.982758623278717103e+00
4.982758618100636916e+00
4.982758623278468413e+00
4.982758618101381209e+00
4.982758623277915078e+00
4.982758618101959414e+00
4.982758623277200094e+00
4.982758618102395509e+00
4.982758623276690280e+00
4.982758618103061643e+00
4.982758623275894472e+00
3.982758618103725112e+00
4.634702429951373048e+00
4.927639670795068483e+00
4.986320967854239505e+00
4.982528427240734636e+00
4.982773466987157285e+00
4.982757628034140573e+00
4.982758692467917250e+00
4.982758601383580732e+00
4.982758622087007261e+00
4.982758617450355310e+00
4.982758623035849155e+00
4.982758618005370899e+00
4.982758623229720740e+00
4.982758618091400749e+00
4.982758623263275233e+00
4.982758618106549520e+00
4.982758623268352061e+00
4.982758618109490278e+00
4.982758623268593645e+00
4.982758618110586291e+00
4.982758623268034093e+00
4.982758618111546411e+00
4.982758623267376841e+00
4.982758618112220539e+00
4.982758623266547282e+00
4.982758618113027893e+00
4.982758623265787890e+00
4.982758618113805049e+00
4.982758623265246101e+00
3.982758618114631055e+00
4.634702429956329084e+00
4.927639670796167159e+00
4.986320967844330099e+00
4.982528427542358251e+00
4.982773458463964467e+00
4.982757628087566282e+00
4.982758692433336023e+00
4.982758615504226718e+00
4.982758622601787479e+00
4.982758617800399747e+00
4.982758623137566012e+00
