5.000000000000000000e-01
3.436912193311400188e+00
4.022323801929967857e+00
4.652480193943574704e+00
4.935627726179720121e+00
5.062854115431848712e+00
4.936463734376370205e+00
5.063229739067187651e+00
4.936632537765234474e+00
5.063305560916702142e+00
4.936666579216365314e+00
5.063320903026845343e+00
4.936673472882162628e+00
5.063324000540692538e+00
4.936674864695042686e+00
5.063324625913129040e+00
4.936675145702439593e+00
5.063324752169120480e+00
4.936675202441676902e+00
5.063324777655545006e+00
4.936675213901576598e+00
5.063324782797329782e+00
4.936675216219426510e+00
5.063324783831873788e+00
4.936675216691179813e+00
5.063324784037505744e+00
4.936675216789873311e+00
5.063324784076083773e+00
4.936675216813025457e+00
4.063324784081201457e+00
4.670903146446700127e+00
4.943905700958977967e+00
5.066573650237046422e+00
4.938135026639634440e+00
5.063980718951877513e+00
4.936969947397335190e+00
5.063457215063360550e+00
5.120291651137135247e+00
4.962272082592940059e+00
5.074826197810960338e+00
4.941843135692197464e+00
5.065646879848018536e+00
4.937718601834287568e+00
5.063793607197937696e+00
4.936885872673179243e+00
5.063419437838614812e+00
4.936717747528379441e+00
5.063343894333906192e+00
4.936683803642663904e+00
5.063328642359760323e+00
5.120233879496399076e+00
4.962246124131760361e+00
5.074814533902319624e+00
4.941837894774216977e+00
5.065644524936558923e+00
4.937717543718636470e+00
5.063793131742574616e+00
4.936885659050729735e+00
5.063419341839700216e+00
3.936717704405652718e+00
4.614014912105927735e+00
4.918344170003473792e+00
5.055088113171342989e+00
4.932974241706580720e+00
5.061661828610198199e+00
5.119484929292747566e+00
4.961909599100086332e+00
5.074663323441842344e+00
4.941769951536894467e+00
5.065613996060279511e+00
4.937703826218375447e+00
5.063786968063206828e+00
4.936882889539703889e+00
5.063418097410025354e+00
4.936717145255619776e+00
5.063343623696709983e+00
5.120240611056429358e+00
4.962249148827051037e+00
5.074815892965841790e+00
4.941838505454539288e+00
5.065644799318496538e+00
4.937717667020206314e+00
5.063793187132737295e+00
4.936885683952191961e+00
5.063419353016834101e+00
4.936717709440102908e+00
5.063343877197655551e+00
4.936683795965674193e+00
5.063328638889755595e+00
4.120233877922402144e+00
4.512917045959560447e+00
4.872917972507030626e+00
5.034676806185150788e+00
4.923802849653485580e+00
5.057540856211486968e+00
4.934076330309343561e+00
5.062157028964828775e+00
4.936150510628656285e+00
5.063089018323198687e+00
4.936569280483122490e+00
5.063277183760579447e+00
