1.000000000000000000e+00
1.005462229039213184e+01
1.133313060980126252e+01
1.077935640170381681e+01
1.026753922735016644e+01
1.004534010937054767e+01
9.988104025611942660e+00
9.986421573826110176e+00
9.993700940217028261e+00
9.998242762388498406e+00
9.999872991243941911e+00
1.000017888114092024e+01
1.000012391970317971e+01
1.000004724352446672e+01
1.000000998048945888e+01
9.999999057012145087e+00
9.999997994659054257e+00
9.999998943304278853e+00
9.999999658261566893e+00
9.999999946777444748e+00
1.000000001953441320e+01
1.000000002082754413e+01
1.000000001025207119e+01
1.000000000328934746e+01
1.000000000052765259e+01
9.999999999810441409e+00
9.999999999783764082e+00
9.999999999884982671e+00
9.999999999958021135e+00
9.999999999990693667e+00
1.000000000000066969e+01
1.000000000000200018e+01
1.000000000000124523e+01
1.000000000000051159e+01
1.000000000000016342e+01
1.000000000000002665e+01
9.999999999999984013e+00
9.999999999999984013e+00
1.000000000000001776e+01
1.000000000000000178e+01
9.999999999999998224e+00
1.000000000000002309e+01
1.000000000000001599e+01
1.000000000000000000e+01
1.000000000000001776e+01
1.000000000000000178e+01
1.000000000000001599e+01
1.000000000000000178e+01
9.999999999999998224e+00
9.999999999999998224e+00
1.000000000000000000e+01
1.000000000000000000e+01
1.000000000000002487e+01
1.000000000000000355e+01
1.000000000000001954e+01
1.000000000000000178e+01
9.999999999999998224e+00
9.999999999999998224e+00
1.000000000000001776e+01
1.000000000000001421e+01
1.000000000000000178e+01
9.999999999999998224e+00
1.000000000000002309e+01
1.000000000000001599e+01
1.000000000000000000e+01
9.999999999999996447e+00
1.000000000000000000e+01
1.000000000000001776e+01
1.000000000000000178e+01
1.000000000000001776e+01
1.000000000000000178e+01
9.999999999999998224e+00
9.999999999999998224e+00
1.000000000000001776e+01
1.000000000000000178e+01
1.000000000000000000e+01
9.999999999999998224e+00
1.000000000000001954e+01
1.000000000000001599e+01
1.000000000000000178e+01
9.999999999999998224e+00
9.999999999999998224e+00
1.000000000000002487e+01
1.000000000000002487e+01
1.000000000000000178e+01
1.000000000000002132e+01
1.000000000000000178e+01
9.999999999999998224e+00
9.999999999999998224e+00
1.000000000000001776e+01
1.000000000000000178e+01
9.999999999999998224e+00
1.000000000000000000e+01
1.000000000000002487e+01
1.000000000000001599e+01
1.000000000000000000e+01
1.000000000000001776e+01
1.000000000000000178e+01
9.999999999999996447e+00
1.000000000000001776e+01
1.000000000000001421e+01
