0.000000000000000000e+00 0.000000000000000000e+00 0.000000000000000000e+00 0.000000000000000000e+00 0.000000000000000000e+00 0.000000000000000000e+00 0.000000000000000000e+00 0.000000000000000000e+00 0.000000000000000000e+00 0.000000000000000000e+00 0.000000000000000000e+00 0.000000000000000000e+00 0.000000000000000000e+00 0.000000000000000000e+00 0.000000000000000000e+00 0.000000000000000000e+00 0.000000000000000000e+00 0.000000000000000000e+00 0.000000000000000000e+00 0.000000000000000000e+00 0.000000000000000000e+00
0.000000000000000000e+00 0.000000000000000000e+00 0.000000000000000000e+00 0.000000000000000000e+00 0.000000000000000000e+00 0.000000000000000000e+00 0.000000000000000000e+00 0.000000000000000000e+00 0.000000000000000000e+00 0.000000000000000000e+00 0.000000000000000000e+00 0.000000000000000000e+00 0.000000000000000000e+00 0.000000000000000000e+00 0.000000000000000000e+00 0.000000000000000000e+00 0.000000000000000000e+00 0.000000000000000000e+00 0.000000000000000000e+00 0.000000000000000000e+00 0.000000000000000000e+00
0.000000000000000000e+00 0.000000000000000000e+00 0.000000000000000000e+00 0.000000000000000000e+00 0.000000000000000000e+00 0.000000000000000000e+00 0.000000000000000000e+00 0.000000000000000000e+00 0.000000000000000000e+00 0.000000000000000000e+00 0.000000000000000000e+00 0.000000000000000000e+00 0.000000000000000000e+00 0.000000000000000000e+00 0.000000000000000000e+00 0.000000000000000000e+00 0.000000000000000000e+00 0.000000000000000000e+00 0.000000000000000000e+00 0.000000000000000000e+00 0.000000000000000000e+00
0.000000000000000000e+00 0.000000000000000000e+00 0.000000000000000000e+00 0.000000000000000000e+00 0.000000000000000000e+00 0.000000000000000000e+00 0.000000000000000000e+00 0.000000000000000000e+00 0.000000000000000000e+00 0.000000000000000000e+00 0.000000000000000000e+00 0.000000000000000000e+00 0.000000000000000000e+00 0.000000000000000000e+00 0.000000000000000000e+00 0.000000000000000000e+00 0.000000000000000000e+00 0.000000000000000000e+00 0.000000000000000000e+00 0.000000000000000000e+00 0.000000000000000000e+00
0.000000000000000000e+00 0.000000000000000000e+00 0.000000000000000000e+00 0.000000000000000000e+00 0.000000000000000000e+00 0.000000000000000000e+00 0.000000000000000000e+00 0.000000000000000000e+00 0.000000000000000000e+00 0.000000000000000000e+00 0.000000000000000000e+00 0.000000000000000000e+00 0.000000000000000000e+00 0.000000000000000000e+00 0.000000000000000000e+00 0.000000000000000000e+00 0.000000000000000000e+00 0.000000000000000000e+00 0.000000000000000000e+00 0.000000000000000000e+00 0.000000000000000000e+00
0.000000000000000000e+00 0.000000000000000000e+00 0.000000000000000000e+00 0.000000000000000000e+00 0.000000000000000000e+00 0.000000000000000000e+00 0.000000000000000000e+00 0.000000000000000000e+00 0.000000000000000000e+00 0.000000000000000000e+00 0.000000000000000000e+00 0.000000000000000000e+00 0.000000000000000000e+00 0.000000000000000000e+00 0.000000000000000000e+00 0.000000000000000000e+00 0.000000000000000000e+00 0.000000000000000000e+00 0.000000000000000000e+00 0.000000000000000000e+00 0.000000000000000000e+00
1.000000000000000000e+00 1.000000000000000000e+00 1.000000000000000000e+00 3.000000000000000000e+00 1.000000000000000000e+00 1.000000000000000000e+00 1.000000000000000000e+00 3.000000000000000000e+00 1.000000000000000000e+00 1.000000000000000000e+00 1.000000000000000000e+00 1.000000000000000000e+00 1.000000000000000000e+00 1.000000000000000000e+00 2.000000000000000000e+00 1.000000000000000000e+00 1.000000000000000000e+00 3.000000000000000000e+00 1.000000000000000000e+00 1.000000000000000000e+00 1.000000000000000000e+00
8.000000000000000000e+00 7.000000000000000000e+00 4.000000000000000000e+00 8.000000000000000000e+00 5.000000000000000000e+00 9.000000000000000000e+00 8.000000000000000000e+00 8.000000000000000000e+00 7.000000000000000000e+00 3.000000000000000000e+00 5.000000000000000000e+00 6.000000000000000000e+00 8.000000000000000000e+00 3.000000000000000000e+00 4.000000000000000000e+00 1.000000000000000000e+01 7.000000000000000000e+00 4.000000000000000000e+00 5.000000000000000000e+00 6.580000000000000000e+02 4.000000000000000000e+00
4.600000000000000000e+01 4.800000000000000000e+01 3.900000000000000000e+01 3.700000000000000000e+01 5.100000000000000000e+01 3.400000000000000000e+01 4.400000000000000000e+01 5.000000000000000000e+01 3.700000000000000000e+01 3.700000000000000000e+01 4.600000000000000000e+01 3.900000000000000000e+01 4.800000000000000000e+01 5.300000000000000000e+01 4.200000000000000000e+01 4.700000000000000000e+01 6.500000000000000000e+01 2.220000000000000000e+02 3.605000000000000000e+03 3.093000000000000000e+03 7.800000000000000000e+01
9.000000000000000000e+01 1.020000000000000000e+02 1.030000000000000000e+02 6.800000000000000000e+01 1.140000000000000000e+02 7.200000000000000000e+01 7.800000000000000000e+01 8.800000000000000000e+01 9.600000000000000000e+01 8.300000000000000000e+01 1.020000000000000000e+02 4.790000000000000000e+02 2.297000000000000000e+03 5.912000000000000000e+03 6.195000000000000000e+03 7.310000000000000000e+02 9.800000000000000000e+01 1.040000000000000000e+02 8.500000000000000000e+01 9.800000000000000000e+01 8.900000000000000000e+01
1.769000000000000000e+03 1.691000000000000000e+03 1.708000000000000000e+03 1.670000000000000000e+03 1.697000000000000000e+03 1.748000000000000000e+03 1.634000000000000000e+03 1.715000000000000000e+03 2.962000000000000000e+03 1.072300000000000000e+04 2.743820000000000000e+05 1.005000000000000000e+04 2.639000000000000000e+03 1.666000000000000000e+03 1.768000000000000000e+03 1.664000000000000000e+03 1.727000000000000000e+03 1.750000000000000000e+03 1.752000000000000000e+03 1.698000000000000000e+03 1.664000000000000000e+03
8.200000000000000000e+01 6.900000000000000000e+01 7.900000000000000000e+01 6.400000000000000000e+01 7.500000000000000000e+01 1.690000000000000000e+02 2.563000000000000000e+03 5.908000000000000000e+03 3.322000000000000000e+03 1.880000000000000000e+02 8.300000000000000000e+01 7.600000000000000000e+01 7.400000000000000000e+01 7.000000000000000000e+01 7.400000000000000000e+01 7.800000000000000000e+01 8.300000000000000000e+01 7.200000000000000000e+01 8.400000000000000000e+01 7.700000000000000000e+01 7.700000000000000000e+01
8.100000000000000000e+01 2.380000000000000000e+02 2.965000000000000000e+03 7.587000000000000000e+03 3.117000000000000000e+03 7.350000000000000000e+02 1.010000000000000000e+02 9.000000000000000000e+01 1.010000000000000000e+02 9.000000000000000000e+01 8.300000000000000000e+01 9.300000000000000000e+01 9.900000000000000000e+01 7.600000000000000000e+01 8.900000000000000000e+01 8.500000000000000000e+01 9.600000000000000000e+01 8.900000000000000000e+01 8.600000000000000000e+01 7.900000000000000000e+01 9.600000000000000000e+01
6.900000000000000000e+01 2.247000000000000000e+03 9.640000000000000000e+02 3.600000000000000000e+01 2.700000000000000000e+01 2.200000000000000000e+01 2.100000000000000000e+01 2.600000000000000000e+01 2.300000000000000000e+01 2.100000000000000000e+01 2.300000000000000000e+01 1.800000000000000000e+01 3.200000000000000000e+01 2.700000000000000000e+01 2.100000000000000000e+01 1.600000000000000000e+01 1.500000000000000000e+01 2.200000000000000000e+01 2.200000000000000000e+01 2.300000000000000000e+01 3.700000000000000000e+01
1.772000000000000000e+03 2.200000000000000000e+01 1.100000000000000000e+01 1.000000000000000000e+01 1.800000000000000000e+01 8.000000000000000000e+00 1.200000000000000000e+01 1.100000000000000000e+01 1.800000000000000000e+01 1.700000000000000000e+01 7.000000000000000000e+00 1.100000000000000000e+01 1.200000000000000000e+01 7.000000000000000000e+00 1.400000000000000000e+01 1.000000000000000000e+01 1.500000000000000000e+01 1.700000000000000000e+01 1.200000000000000000e+01 1.600000000000000000e+01 8.000000000000000000e+00
2.440000000000000000e+02 7.000000000000000000e+00 8.000000000000000000e+00 5.000000000000000000e+00 1.000000000000000000e+00 1.000000000000000000e+00 4.000000000000000000e+00 4.000000000000000000e+00 3.000000000000000000e+00 6.000000000000000000e+00 8.000000000000000000e+00 4.000000000000000000e+00 2.000000000000000000e+00 2.000000000000000000e+00 5.000000000000000000e+00 2.000000000000000000e+00 4.000000000000000000e+00 2.000000000000000000e+00 5.000000000000000000e+00 4.000000000000000000e+00 3.000000000000000000e+00
1.820000000000000000e+02 9.000000000000000000e+00 5.000000000000000000e+00 3.000000000000000000e+00 4.000000000000000000e+00 2.000000000000000000e+00 5.000000000000000000e+00 3.000000000000000000e+00 1.000000000000000000e+00 4.000000000000000000e+00 2.000000000000000000e+00 3.000000000000000000e+00 4.000000000000000000e+00 3.000000000000000000e+00 4.000000000000000000e+00 6.000000000000000000e+00 1.000000000000000000e+00 6.000000000000000000e+00 4.000000000000000000e+00 4.000000000000000000e+00 2.000000000000000000e+00
1.120000000000000000e+02 9.000000000000000000e+00 6.000000000000000000e+00 2.000000000000000000e+00 7.000000000000000000e+00 5.000000000000000000e+00 6.000000000000000000e+00 5.000000000000000000e+00 6.000000000000000000e+00 3.000000000000000000e+00 4.000000000000000000e+00 8.000000000000000000e+00 6.000000000000000000e+00 2.000000000000000000e+00 8.000000000000000000e+00 2.000000000000000000e+00 4.000000000000000000e+00 2.000000000000000000e+00 2.000000000000000000e+00 4.000000000000000000e+00 4.000000000000000000e+00
3.300000000000000000e+01 1.000000000000000000e+01 2.000000000000000000e+00 6.000000000000000000e+00 5.000000000000000000e+00 2.000000000000000000e+00 4.000000000000000000e+00 3.000000000000000000e+00 4.000000000000000000e+00 4.000000000000000000e+00 2.000000000000000000e+00 4.000000000000000000e+00 4.000000000000000000e+00 3.000000000000000000e+00 5.000000000000000000e+00 5.000000000000000000e+00 1.000000000000000000e+00 6.000000000000000000e+00 1.000000000000000000e+00 2.000000000000000000e+00 3.000000000000000000e+00
7.000000000000000000e+00 6.000000000000000000e+00 6.000000000000000000e+00 6.000000000000000000e+00 2.000000000000000000e+00 1.000000000000000000e+00 2.000000000000000000e+00 6.000000000000000000e+00 1.000000000000000000e+00 2.000000000000000000e+00 6.000000000000000000e+00 3.000000000000000000e+00 2.000000000000000000e+00 4.000000000000000000e+00 3.000000000000000000e+00 1.000000000000000000e+00 2.000000000000000000e+00 2.000000000000000000e+00 3.000000000000000000e+00 1.000000000000000000e+00 2.000000000000000000e+00
5.000000000000000000e+00 3.000000000000000000e+00 7.000000000000000000e+00 3.000000000000000000e+00 4.000000000000000000e+00 7.700000000000000000e+01 8.000000000000000000e+00 4.000000000000000000e+00 3.000000000000000000e+00 4.000000000000000000e+00 5.000000000000000000e+00 3.000000000000000000e+00 5.000000000000000000e+00 3.000000000000000000e+00 5.000000000000000000e+00 4.000000000000000000e+00 5.000000000000000000e+00 3.000000000000000000e+00 3.000000000000000000e+00 3.000000000000000000e+00 3.000000000000000000e+00
