0.000000000000000000e+00 0.000000000000000000e+00 0.000000000000000000e+00 0.000000000000000000e+00 0.000000000000000000e+00 0.000000000000000000e+00 0.000000000000000000e+00 0.000000000000000000e+00 0.000000000000000000e+00 0.000000000000000000e+00 0.000000000000000000e+00 0.000000000000000000e+00 0.000000000000000000e+00 0.000000000000000000e+00 0.000000000000000000e+00 0.000000000000000000e+00 0.000000000000000000e+00 0.000000000000000000e+00 0.000000000000000000e+00 0.000000000000000000e+00 0.000000000000000000e+00
0.000000000000000000e+00 0.000000000000000000e+00 0.000000000000000000e+00 0.000000000000000000e+00 0.000000000000000000e+00 0.000000000000000000e+00 0.000000000000000000e+00 0.000000000000000000e+00 0.000000000000000000e+00 0.000000000000000000e+00 0.000000000000000000e+00 0.000000000000000000e+00 0.000000000000000000e+00 0.000000000000000000e+00 0.000000000000000000e+00 0.000000000000000000e+00 0.000000000000000000e+00 0.000000000000000000e+00 0.000000000000000000e+00 0.000000000000000000e+00 0.000000000000000000e+00
0.000000000000000000e+00 0.000000000000000000e+00 0.000000000000000000e+00 0.000000000000000000e+00 0.000000000000000000e+00 0.000000000000000000e+00 0.000000000000000000e+00 0.000000000000000000e+00 0.000000000000000000e+00 0.000000000000000000e+00 0.000000000000000000e+00 0.000000000000000000e+00 0.000000000000000000e+00 0.000000000000000000e+00 0.000000000000000000e+00 0.000000000000000000e+00 0.000000000000000000e+00 0.000000000000000000e+00 0.000000000000000000e+00 0.000000000000000000e+00 0.000000000000000000e+00
0.000000000000000000e+00 0.000000000000000000e+00 0.000000000000000000e+00 0.000000000000000000e+00 0.000000000000000000e+00 0.000000000000000000e+00 0.000000000000000000e+00 0.000000000000000000e+00 0.000000000000000000e+00 0.000000000000000000e+00 0.000000000000000000e+00 0.000000000000000000e+00 0.000000000000000000e+00 0.000000000000000000e+00 0.000000000000000000e+00 0.000000000000000000e+00 0.000000000000000000e+00 0.000000000000000000e+00 0.000000000000000000e+00 0.000000000000000000e+00 0.000000000000000000e+00
0.000000000000000000e+00 0.000000000000000000e+00 0.000000000000000000e+00 0.000000000000000000e+00 0.000000000000000000e+00 0.000000000000000000e+00 0.000000000000000000e+00 0.000000000000000000e+00 0.000000000000000000e+00 0.000000000000000000e+00 0.000000000000000000e+00 0.000000000000000000e+00 0.000000000000000000e+00 0.000000000000000000e+00 0.000000000000000000e+00 0.000000000000000000e+00 0.000000000000000000e+00 0.000000000000000000e+00 0.000000000000000000e+00 0.000000000000000000e+00 0.000000000000000000e+00
0.000000000000000000e+00 0.000000000000000000e+00 0.000000000000000000e+00 0.000000000000000000e+00 0.000000000000000000e+00 0.000000000000000000e+00 0.000000000000000000e+00 0.000000000000000000e+00 0.000000000000000000e+00 0.000000000000000000e+00 0.000000000000000000e+00 0.000000000000000000e+00 0.000000000000000000e+00 0.000000000000000000e+00 0.000000000000000000e+00 0.000000000000000000e+00 0.000000000000000000e+00 0.000000000000000000e+00 0.000000000000000000e+00 0.000000000000000000e+00 0.000000000000000000e+00
-1.891335115198653227e+01 -1.182101893953427796e+00 -2.269660432956769114e+01 -1.481723979031880845e+01 -2.487825946843364022e+01 -1.444699137660171662e+00 -2.356783055865841803e+01 -1.395326284539698491e+01 -2.470161855596547440e+01 -2.509783701352568031e+01 -2.495739485062511065e+01 -2.313144042659179167e+00 -3.295973218443742780e+01 -2.774119452069360747e+01 -7.809902734197718743e+00 -2.225477339574875657e+01 -3.543954472102551989e+01 -8.821124545307096554e+00 -3.080819141865014643e+01 -3.307033095476015205e+01 -2.508756764337034184e+01
-5.338713476422649507e+01 -4.849069215515918074e+01 -4.596548085812207773e+01 -4.968865072182586573e+01 -4.388351964117003945e+01 -5.038080924566854435e+01 -4.567305285821630889e+01 -4.951215394025693683e+01 -4.812699748852298143e+01 -4.109947431225933911e+01 -3.645223521816566858e+01 -4.378573438926078154e+01 -4.566611534229598135e+01 -4.497666416811533452e+01 -5.177760006053200215e+01 -2.336323320904450185e+01 -2.143812314492926774e+01 -3.592861051514253745e+01 -2.374075398433723549e+01 -1.030724260815498994e+01 -2.404832666812395559e+01
-5.024329279369407431e+01 -4.758116909280924745e+01 -4.480743534077574708e+01 -4.427386737534423844e+01 -3.910528739780347252e+01 -3.690101891356176367e+01 -3.039340739449553297e+01 -2.933413046184666229e+01 -2.635354221448008261e+01 -2.142970867621273001e+01 -1.728441285813484996e+01 -1.627463661583204413e+01 -1.266709934104889790e+01 -9.763369599887846917e+00 -7.832719794428560256e+00 -6.258564631333982220e+00 -4.909638728121811013e+00 -4.900205856130411597e+00 -4.895729034852903006e+00 -4.895229370904723432e+00 -4.919001066502376673e+00
-3.888470329921777591e+01 -3.417293946897106593e+01 -2.857856623985037814e+01 -2.462017940186013831e+01 -2.146862470221236308e+01 -1.743018002086942886e+01 -1.489085015013340829e+01 -1.188579266326455652e+01 -9.357204995602693032e+00 -7.852768706111969088e+00 -5.847984113676461426e+00 -5.336612085155525875e+00 -5.334160959136202251e+00 -5.334492472477425196e+00 -5.334463378236296904e+00 -5.334987659396706050e+00 -6.546750117755260945e+00 -7.557305063552003155e+00 -1.185297949371345716e+01 -1.713007667378450094e+01 -2.189167479552659046e+01
-2.404658272169204025e+01 -2.066354918360929105e+01 -1.761440076023830770e+01 -1.478559338246927268e+01 -1.215749063456536305e+01 -1.016805988418768791e+01 -7.945201135006073834e+00 -6.196294270659125303e+00 -5.431111373065235171e+00 -5.334295815537365648e+00 -5.278908372343384059e+00 -5.341166728708514277e+00 -5.540143641862162127e+00 -7.089468747964009054e+00 -9.790092060295876308e+00 -1.376726526913527060e+01 -1.871573177127659449e+01 -2.481063941638981873e+01 -3.221049958593442852e+01 -4.125648420898291846e+01 -5.137642213979762573e+01
-1.426096997770371111e+01 -1.187332961832357725e+01 -9.718677609841948950e+00 -7.286151555620707043e+00 -5.280426244543312109e+00 -4.829525456631888147e+00 -4.827309182106535701e+00 -4.826846087986150557e+00 -4.826612226098689007e+00 -4.833159205286229998e+00 -5.767969376308066387e+00 -8.146816570266521396e+00 -1.196024716512628849e+01 -1.561579239583474710e+01 -2.100181997354390617e+01 -2.743707674010830644e+01 -3.748803084821947351e+01 -4.696151568514270735e+01 -5.687369389810836395e+01 -7.174573992480610229e+01 -8.811132945694386365e+01
-5.836279697692545732e+00 -4.971747665681903960e+00 -4.964721871983548418e+00 -4.965371504909007250e+00 -4.964714227582913253e+00 -4.965365776900910078e+00 -6.021386545120670952e+00 -8.959926916483388126e+00 -1.201036863187085935e+01 -1.696156267451335964e+01 -2.347431241762309995e+01 -3.041284026496474979e+01 -3.650659436504868438e+01 -4.759771346734000730e+01 -5.906537617462067402e+01 -7.516536987271048531e+01 -9.216781468132386124e+01 -1.073122926978646348e+02 -1.349736494018124517e+02 -1.494749153087228137e+02 -1.591783515326324334e+02
-3.995449766670205349e+00 -3.979234670339879099e+00 -3.979915789881283139e+00 -4.003021142214731043e+00 -4.626882858126701414e+00 -8.468658394419591673e+00 -1.195172166476347186e+01 -1.580422672797565475e+01 -2.162954497160632528e+01 -2.732067310688687911e+01 -3.300352935467441284e+01 -4.473266808921670190e+01 -5.338790431172566286e+01 -7.138339877361690355e+01 -8.334899898666131435e+01 -1.019974918938793849e+02 -1.262335736915686653e+02 -1.362442434427918556e+02 -1.490412792726712325e+02 -1.485861715224549471e+02 -1.579692867211752514e+02
-4.069972737128670914e+00 -4.455165212957435728e+00 -5.912808313054463305e+00 -9.181870685385710829e+00 -9.912806160316575799e+00 -2.033460786501137108e+01 -2.132435396512931192e+01 -3.016687224218417640e+01 -3.545743724756481896e+01 -4.769828253112359562e+01 -4.808481124173245291e+01 -6.346824425682582671e+01 -8.050321080814988761e+01 -7.539604865941961975e+01 -1.253857269985095826e+02 -1.286368449105005993e+02 -1.417534241661511487e+02 -1.525621295712932124e+02 -1.585371634725738375e+02 -1.649027284432023066e+02 -1.303672514217311686e+02
-8.369874481269835798e+00 -1.033586634394990256e+01 -1.047973436842539385e+01 -9.288690387898974166e+00 -1.594672890673964183e+01 -1.947443740303350879e+01 -1.224991599048252056e+01 -1.864321094476444785e+01 -9.208455042046722383e+00 -4.910143526079085774e+01 -8.982644629179068829e+01 -5.976816262962811521e+01 -6.505899707948813671e+01 -7.748075527696383347e+01 -9.824516127563043710e+00 -1.986107463048520572e+01 -4.690484301890137431e+01 -2.114635764405112539e+01 -9.832225999054125509e+01 -1.124667412198641756e+02 -1.205429979639385607e+02
-1.614010433868327965e+01 -1.707985459117934468e+01 -1.736101682633907117e+01 -2.016567989642778613e+01 -2.860197210357554809e+01 -2.237477344965074977e+01 -5.363736892732238459e+01 -4.150816335044250138e+01 -4.711786571415916569e+01 -5.770028309696643731e+01 -3.133377029394697644e+01 -7.592053928571428401e+01 -7.763663813806374492e+01 -4.646727287746045931e+01 -8.245231955905002508e+01 -1.354646903647704903e+02 -7.500000000000000000e+01 -1.230892348541020738e+02 -2.747527051424223146e+02 -4.778063052383136267e+01 -1.550709067531941230e+02
-2.775597661812624395e+01 -3.136772746239761389e+01 -2.986159784677706597e+01 -2.808454417142821669e+01 -5.013270411172739216e+01 -2.957677706768387438e+01 -6.871960446034813685e+01 -8.014747474781950132e+01 -1.039150321667692651e+02 -8.454322350188201085e+01 -7.864315507825568830e+01 -1.238602044724839288e+02 -9.535242578889607046e+01 -8.054621983294910592e+01 -1.182489784623057290e+02 -7.830453921195602618e+01 -8.656775568436998469e+01 -1.519339437835298270e+02 -3.064082941716883113e+01 -4.198229232661482513e+01 -5.263733655996594507e+01
-4.505825382894578723e+01 -4.596327717791699285e+01 -4.633728316417074211e+01 -6.210003650683025000e+01 -6.487213623021858666e+01 -6.793941099600453981e+01 -5.754568940288849888e+01 -5.767261807661304118e+01 -7.570264083241121966e+01 -9.523585798795481594e+01 -7.987500000000000000e+01 -1.359512892029155182e+02 -4.534110806337347555e+01 -1.589632214880873562e+02 -1.741550893488551992e+02 -5.163535100046559734e+01 -1.453593750000000000e+02 -1.739749272355704193e+02 -1.453593750000000000e+02 -1.749598281052152231e+02 -5.168773750543111589e+01
-4.700701421282659709e+01 -6.165606224413429715e+01 -5.857323614753946828e+01 -6.750542909416066095e+01 -1.189302621205734170e+02 -7.500000000000000000e+01 -7.825317782016956869e+01 -9.234236001895966695e+01 -7.500000000000000000e+01 -8.437500000000000000e+01 -8.545584132961288049e+01 -8.794661107864519067e+01 -1.770267235405066799e+02 -1.629075771217570718e+02 -1.140686337897423499e+02 -7.305237579345703125e+01 -1.473935327229777386e+02 -1.909143566695640857e+02 -9.428151882476957724e+01 -7.500000000000000000e+01 -5.761588887395834746e+01
-1.782054402764793792e+02 -2.194218750000000000e+02 -1.956270378738763043e+02 -2.194218750000000000e+02 -2.206142043876887158e+02 -1.776539894391294183e+02 -2.143306404893121737e+02 -1.836203941312834331e+02 -2.194218750000000000e+02 -1.911349763082535844e+02 -2.006882632366530572e+02 -2.194218750000000000e+02 -2.580953841193170888e+02 -1.846875000000000000e+02 -2.563754346136557274e+02 -2.231478860912221478e+02 -2.378519938778118217e+02 -2.194218750000000000e+02 -1.846875000000000000e+02 -2.194218750000000000e+02 -2.194218750000000000e+02
