1.000000000000000000e+00 1.000000000000000000e+00 1.000000000000000000e+00 1.000000000000000000e+00 1.000000000000000000e+00 1.000000000000000000e+00 1.000000000000000000e+00 1.000000000000000000e+00 1.000000000000000000e+00 1.000000000000000000e+00 1.000000000000000000e+00 1.000000000000000000e+00 1.000000000000000000e+00 1.000000000000000000e+00 1.000000000000000000e+00 1.000000000000000000e+00 1.000000000000000000e+00 1.000000000000000000e+00 1.000000000000000000e+00 1.000000000000000000e+00 1.000000000000000000e+00
1.000000000000000000e+00 1.000000000000000000e+00 1.000000000000000000e+00 1.000000000000000000e+00 1.000000000000000000e+00 1.000000000000000000e+00 1.000000000000000000e+00 1.000000000000000000e+00 1.000000000000000000e+00 1.000000000000000000e+00 1.000000000000000000e+00 1.000000000000000000e+00 1.000000000000000000e+00 1.000000000000000000e+00 1.000000000000000000e+00 1.000000000000000000e+00 1.000000000000000000e+00 1.000000000000000000e+00 1.000000000000000000e+00 1.000000000000000000e+00 1.000000000000000000e+00
1.000000000000000000e+00 1.000000000000000000e+00 1.000000000000000000e+00 1.000000000000000000e+00 1.000000000000000000e+00 1.000000000000000000e+00 1.000000000000000000e+00 1.000000000000000000e+00 1.000000000000000000e+00 1.000000000000000000e+00 1.000000000000000000e+00 1.000000000000000000e+00 1.000000000000000000e+00 1.000000000000000000e+00 1.000000000000000000e+00 1.000000000000000000e+00 1.000000000000000000e+00 1.000000000000000000e+00 1.000000000000000000e+00 1.000000000000000000e+00 1.000000000000000000e+00
1.000000000000000000e+00 1.000000000000000000e+00 1.000000000000000000e+00 1.000000000000000000e+00 1.000000000000000000e+00 1.000000000000000000e+00 1.000000000000000000e+00 1.000000000000000000e+00 1.000000000000000000e+00 1.000000000000000000e+00 1.000000000000000000e+00 1.000000000000000000e+00 1.000000000000000000e+00 1.000000000000000000e+00 1.000000000000000000e+00 1.000000000000000000e+00 1.000000000000000000e+00 1.000000000000000000e+00 1.000000000000000000e+00 1.000000000000000000e+00 1.000000000000000000e+00
1.000000000000000000e+00 1.000000000000000000e+00 1.000000000000000000e+00 1.000000000000000000e+00 1.000000000000000000e+00 1.000000000000000000e+00 1.000000000000000000e+00 1.000000000000000000e+00 1.000000000000000000e+00 1.000000000000000000e+00 1.000000000000000000e+00 1.000000000000000000e+00 1.000000000000000000e+00 1.000000000000000000e+00 1.000000000000000000e+00 1.000000000000000000e+00 1.000000000000000000e+00 1.000000000000000000e+00 1.000000000000000000e+00 1.000000000000000000e+00 1.000000000000000000e+00
1.000000000000000000e+00 1.000000000000000000e+00 1.000000000000000000e+00 1.000000000000000000e+00 1.000000000000000000e+00 1.000000000000000000e+00 1.000000000000000000e+00 1.000000000000000000e+00 1.000000000000000000e+00 1.000000000000000000e+00 1.000000000000000000e+00 1.000000000000000000e+00 1.000000000000000000e+00 1.000000000000000000e+00 1.000000000000000000e+00 1.000000000000000000e+00 1.000000000000000000e+00 1.000000000000000000e+00 1.000000000000000000e+00 1.000000000000000000e+00 1.000000000000000000e+00
2.800000000000000000e+01 2.800000000000000000e+01 2.800000000000000000e+01 2.600000000000000000e+01 2.800000000000000000e+01 2.800000000000000000e+01 2.800000000000000000e+01 2.600000000000000000e+01 2.800000000000000000e+01 2.800000000000000000e+01 2.800000000000000000e+01 2.800000000000000000e+01 2.800000000000000000e+01 2.800000000000000000e+01 2.700000000000000000e+01 2.800000000000000000e+01 2.800000000000000000e+01 2.600000000000000000e+01 2.800000000000000000e+01 2.800000000000000000e+01 2.800000000000000000e+01
7.740000000000000000e+02 7.750000000000000000e+02 7.780000000000000000e+02 7.740000000000000000e+02 7.770000000000000000e+02 7.730000000000000000e+02 7.740000000000000000e+02 7.740000000000000000e+02 7.750000000000000000e+02 7.790000000000000000e+02 7.770000000000000000e+02 7.760000000000000000e+02 7.740000000000000000e+02 7.790000000000000000e+02 7.780000000000000000e+02 7.720000000000000000e+02 7.750000000000000000e+02 7.780000000000000000e+02 7.770000000000000000e+02 1.240000000000000000e+02 7.780000000000000000e+02
7.716000000000000000e+03 7.714000000000000000e+03 7.723000000000000000e+03 7.725000000000000000e+03 7.711000000000000000e+03 7.728000000000000000e+03 7.718000000000000000e+03 7.712000000000000000e+03 7.725000000000000000e+03 7.725000000000000000e+03 7.716000000000000000e+03 7.723000000000000000e+03 7.714000000000000000e+03 7.709000000000000000e+03 7.720000000000000000e+03 7.715000000000000000e+03 7.697000000000000000e+03 7.540000000000000000e+03 4.157000000000000000e+03 4.669000000000000000e+03 7.684000000000000000e+03
1.699500000000000000e+04 1.698300000000000000e+04 1.698200000000000000e+04 1.701700000000000000e+04 1.697100000000000000e+04 1.701300000000000000e+04 1.700700000000000000e+04 1.699700000000000000e+04 1.698900000000000000e+04 1.700200000000000000e+04 1.698300000000000000e+04 1.660600000000000000e+04 1.478800000000000000e+04 1.117300000000000000e+04 1.089000000000000000e+04 1.635400000000000000e+04 1.698700000000000000e+04 1.698100000000000000e+04 1.700000000000000000e+04 1.698700000000000000e+04 1.699600000000000000e+04
3.263090000000000000e+05 3.263870000000000000e+05 3.263700000000000000e+05 3.264080000000000000e+05 3.263810000000000000e+05 3.263300000000000000e+05 3.264440000000000000e+05 3.263630000000000000e+05 3.251160000000000000e+05 3.173550000000000000e+05 5.369600000000000000e+04 3.180280000000000000e+05 3.254390000000000000e+05 3.264120000000000000e+05 3.263100000000000000e+05 3.264140000000000000e+05 3.263510000000000000e+05 3.263280000000000000e+05 3.263260000000000000e+05 3.263800000000000000e+05 3.264140000000000000e+05
1.328600000000000000e+04 1.329900000000000000e+04 1.328900000000000000e+04 1.330400000000000000e+04 1.329300000000000000e+04 1.319900000000000000e+04 1.080500000000000000e+04 7.460000000000000000e+03 1.004600000000000000e+04 1.318000000000000000e+04 1.328500000000000000e+04 1.329200000000000000e+04 1.329400000000000000e+04 1.329800000000000000e+04 1.329400000000000000e+04 1.329000000000000000e+04 1.328500000000000000e+04 1.329600000000000000e+04 1.328400000000000000e+04 1.329100000000000000e+04 1.329100000000000000e+04
1.599600000000000000e+04 1.583900000000000000e+04 1.311200000000000000e+04 8.490000000000000000e+03 1.296000000000000000e+04 1.534200000000000000e+04 1.597600000000000000e+04 1.598700000000000000e+04 1.597600000000000000e+04 1.598700000000000000e+04 1.599400000000000000e+04 1.598400000000000000e+04 1.597800000000000000e+04 1.600100000000000000e+04 1.598800000000000000e+04 1.599200000000000000e+04 1.598100000000000000e+04 1.598800000000000000e+04 1.599100000000000000e+04 1.599800000000000000e+04 1.598100000000000000e+04
3.644000000000000000e+03 1.466000000000000000e+03 2.749000000000000000e+03 3.677000000000000000e+03 3.686000000000000000e+03 3.691000000000000000e+03 3.692000000000000000e+03 3.687000000000000000e+03 3.690000000000000000e+03 3.692000000000000000e+03 3.690000000000000000e+03 3.695000000000000000e+03 3.681000000000000000e+03 3.686000000000000000e+03 3.692000000000000000e+03 3.697000000000000000e+03 3.698000000000000000e+03 3.691000000000000000e+03 3.691000000000000000e+03 3.690000000000000000e+03 3.676000000000000000e+03
2.570000000000000000e+02 2.007000000000000000e+03 2.018000000000000000e+03 2.019000000000000000e+03 2.011000000000000000e+03 2.021000000000000000e+03 2.017000000000000000e+03 2.018000000000000000e+03 2.011000000000000000e+03 2.012000000000000000e+03 2.022000000000000000e+03 2.018000000000000000e+03 2.017000000000000000e+03 2.022000000000000000e+03 2.015000000000000000e+03 2.019000000000000000e+03 2.014000000000000000e+03 2.012000000000000000e+03 2.017000000000000000e+03 2.013000000000000000e+03 2.021000000000000000e+03
8.100000000000000000e+01 3.180000000000000000e+02 3.170000000000000000e+02 3.200000000000000000e+02 3.240000000000000000e+02 3.240000000000000000e+02 3.210000000000000000e+02 3.210000000000000000e+02 3.220000000000000000e+02 3.190000000000000000e+02 3.170000000000000000e+02 3.210000000000000000e+02 3.230000000000000000e+02 3.230000000000000000e+02 3.200000000000000000e+02 3.230000000000000000e+02 3.210000000000000000e+02 3.230000000000000000e+02 3.200000000000000000e+02 3.210000000000000000e+02 3.220000000000000000e+02
7.600000000000000000e+01 2.490000000000000000e+02 2.530000000000000000e+02 2.550000000000000000e+02 2.540000000000000000e+02 2.560000000000000000e+02 2.530000000000000000e+02 2.550000000000000000e+02 2.570000000000000000e+02 2.540000000000000000e+02 2.560000000000000000e+02 2.550000000000000000e+02 2.540000000000000000e+02 2.550000000000000000e+02 2.540000000000000000e+02 2.520000000000000000e+02 2.570000000000000000e+02 2.520000000000000000e+02 2.540000000000000000e+02 2.540000000000000000e+02 2.560000000000000000e+02
9.600000000000000000e+01 1.990000000000000000e+02 2.020000000000000000e+02 2.060000000000000000e+02 2.010000000000000000e+02 2.030000000000000000e+02 2.020000000000000000e+02 2.030000000000000000e+02 2.020000000000000000e+02 2.050000000000000000e+02 2.040000000000000000e+02 2.000000000000000000e+02 2.020000000000000000e+02 2.060000000000000000e+02 2.000000000000000000e+02 2.060000000000000000e+02 2.040000000000000000e+02 2.060000000000000000e+02 2.060000000000000000e+02 2.040000000000000000e+02 2.040000000000000000e+02
7.700000000000000000e+01 1.000000000000000000e+02 1.080000000000000000e+02 1.040000000000000000e+02 1.050000000000000000e+02 1.080000000000000000e+02 1.060000000000000000e+02 1.070000000000000000e+02 1.060000000000000000e+02 1.060000000000000000e+02 1.080000000000000000e+02 1.060000000000000000e+02 1.060000000000000000e+02 1.070000000000000000e+02 1.050000000000000000e+02 1.050000000000000000e+02 1.090000000000000000e+02 1.040000000000000000e+02 1.090000000000000000e+02 1.080000000000000000e+02 1.070000000000000000e+02
6.200000000000000000e+01 6.300000000000000000e+01 6.300000000000000000e+01 6.300000000000000000e+01 6.700000000000000000e+01 6.800000000000000000e+01 6.700000000000000000e+01 6.300000000000000000e+01 6.800000000000000000e+01 6.700000000000000000e+01 6.300000000000000000e+01 6.600000000000000000e+01 6.700000000000000000e+01 6.500000000000000000e+01 6.600000000000000000e+01 6.800000000000000000e+01 6.700000000000000000e+01 6.700000000000000000e+01 6.600000000000000000e+01 6.800000000000000000e+01 6.700000000000000000e+01
1.560000000000000000e+02 1.580000000000000000e+02 1.540000000000000000e+02 1.580000000000000000e+02 1.570000000000000000e+02 8.400000000000000000e+01 1.530000000000000000e+02 1.570000000000000000e+02 1.580000000000000000e+02 1.570000000000000000e+02 1.560000000000000000e+02 1.580000000000000000e+02 1.560000000000000000e+02 1.580000000000000000e+02 1.560000000000000000e+02 1.570000000000000000e+02 1.560000000000000000e+02 1.580000000000000000e+02 1.580000000000000000e+02 1.580000000000000000e+02 1.580000000000000000e+02
