5.000000000000000000e-01
3.267121957053355175e+00
4.314436408328234940e+00
4.760790215818540894e+00
4.892516030797730231e+00
4.951704411153412089e+00
4.978299389656878127e+00
4.990249279441616892e+00
4.995618711890032593e+00
4.998031336046165229e+00
4.999115381568210559e+00
4.999602479391914933e+00
4.999821359844401236e+00
4.999919711840817627e+00
4.999963909982445998e+00
4.999983807767434563e+00
4.999992756146697914e+00
4.999996764402207639e+00
4.999998559334688508e+00
4.999999358344864753e+00
4.999999716613173106e+00
4.999999875059870647e+00
4.999999958369651942e+00
4.999999981463997045e+00
4.999999992135419902e+00
4.999999998358723552e+00
5.000000002965888868e+00
4.999999998265914236e+00
5.000000002870738314e+00
1.999999998184964767e+00
3.541878836258659291e+00
4.413657734421568613e+00
4.805373265193152221e+00
4.912548510457137141e+00
4.960705512515973581e+00
4.982343848460382141e+00
4.992066555621997637e+00
4.996435224702659106e+00
4.998398193587539673e+00
4.999280208458632302e+00
4.999676535778355024e+00
4.999854635363198518e+00
4.999934665568374292e+00
4.999970637411563779e+00
4.999986838781333098e+00
4.999994110634959021e+00
4.999997372763949954e+00
4.999998830149047890e+00
4.999999479005741598e+00
4.999999770641923469e+00
4.999999898455961045e+00
4.999999968077493584e+00
4.999999985783034617e+00
4.999999993688759581e+00
4.999999999309071796e+00
5.000000004131742948e+00
4.999999999191620859e+00
5.000000003961323713e+00
4.999999999064667300e+00
2.000000003787309133e+00
3.541878853860696008e+00
4.413657742330656220e+00
4.805373268745069204e+00
4.912548512008520163e+00
4.960705513188037763e+00
4.982343848563623112e+00
4.992066555444423237e+00
4.996435233724768388e+00
4.998398149166972004e+00
4.999280166052662899e+00
4.999676505408467087e+00
4.999854617036583626e+00
4.999934655646136150e+00
4.999970633814560195e+00
4.999986837892511637e+00
4.999994109167479550e+00
4.999997372255876371e+00
4.999998829836749259e+00
4.999999478852808821e+00
4.999999767900155767e+00
4.999999897308000207e+00
4.999999967452094296e+00
4.999999985504238076e+00
4.999999993566937917e+00
4.999999999215791746e+00
5.000000003978366081e+00
4.999999999091786052e+00
5.000000003805838311e+00
4.999999998961529357e+00
2.000000003634696988e+00
3.541878853374309077e+00
4.413657742112102156e+00
4.805373268646293994e+00
4.912548511948894081e+00
4.960705513145988732e+00
4.982343848371677097e+00
4.992066555140027617e+00
4.996435233323240688e+00
4.998398189241741285e+00
4.999280149620640934e+00
4.999676481017742979e+00
