5.000000000000000000e-01
3.184521301620752975e+00
4.390754408790278340e+00
4.795082100246943924e+00
4.907924439773630354e+00
4.958627832754427089e+00
4.981410281888754454e+00
4.991647093235934918e+00
4.996246791368537998e+00
4.998313546771578686e+00
4.999242184745646078e+00
4.999659456752020503e+00
4.999846963133474986e+00
4.999931218149257006e+00
4.999969084860330426e+00
4.999986138693767401e+00
4.999993798833066272e+00
4.999997232492188637e+00
4.999998767785420739e+00
4.999999451384850246e+00
4.999999758208161005e+00
4.999999893067184509e+00
4.999999965930964407e+00
4.999999984828278343e+00
4.999999994146635984e+00
4.999999999615675428e+00
4.999999999961246999e+00
4.999999999887148050e+00
5.000000000084987128e+00
1.999999999925891281e+00
3.445511411855462836e+00
4.370357057024405911e+00
4.785917018205736895e+00
4.903806254848690926e+00
4.956777351433073520e+00
4.980578817481649878e+00
4.991273478747135783e+00
4.996078866717792444e+00
4.998238070347362338e+00
4.999208260106536628e+00
4.999644208272785662e+00
4.999840109040829539e+00
4.999928137213129453e+00
4.999967699636233220e+00
4.999985516038420563e+00
4.999993519841139822e+00
4.999997107450170120e+00
4.999998712044527949e+00
4.999999426407765846e+00
4.999999747227198199e+00
4.999999888360178169e+00
4.999999963849409923e+00
4.999999983901474820e+00
4.999999992843462415e+00
4.999999998777235888e+00
5.000000003430230322e+00
4.999999998651428967e+00
5.000000003282822014e+00
4.999999998534143231e+00
2.000000003150800509e+00
3.858514674185925308e+00
4.555931397601782784e+00
4.869300938693926994e+00
4.941273069344268798e+00
4.973612307555733913e+00
4.988143230740752720e+00
4.994672378673107538e+00
4.997606095099451196e+00
4.998924264985025623e+00
4.999516580313887459e+00
4.999782750505969986e+00
4.999902357538905662e+00
4.999956109828370465e+00
4.999980296365697185e+00
4.999991181489235714e+00
4.999996041153201176e+00
4.999998236647323679e+00
4.999999214669196945e+00
4.999999650242868299e+00
4.999999844231000523e+00
4.999999945082563180e+00
4.999999975542633202e+00
4.999999989108495413e+00
4.999999996615128950e+00
5.000000001369952152e+00
4.999999996758102583e+00
5.000000001484137258e+00
4.999999996886287157e+00
5.000000001587876497e+00
1.999999997000668550e+00
3.239009769472447342e+00
4.346403743576883194e+00
4.775154101466855039e+00
4.898970164266830629e+00
4.954604348601233887e+00
4.979602426861458930e+00
4.990834759187549707e+00
4.995881753486823840e+00
4.998149500139950518e+00
4.999168396767135647e+00
4.999626266104051808e+00
