5.000000000000000000e-01
3.267121957053355175e+00
4.314436408328234940e+00
4.760790215818540894e+00
4.892516030797730231e+00
4.951704411153412089e+00
4.978299389656878127e+00
4.990249279441616892e+00
4.995618711890032593e+00
4.998031336046165229e+00
4.999115381568210559e+00
4.999602479391914933e+00
4.999821359844401236e+00
4.999919711840817627e+00
4.999963909982445998e+00
4.999983807767434563e+00
4.999992756146697914e+00
4.999996764402207639e+00
4.999998559334688508e+00
4.999999358344864753e+00
4.999999716613173106e+00
4.999999875059870647e+00
4.999999958369651942e+00
4.999999981463997045e+00
4.999999992135419902e+00
4.999999998358723552e+00
5.000000002965888868e+00
4.999999998265914236e+00
5.000000002870738314e+00
3.499999998184964767e+00
4.387956970451511118e+00
4.793825168472061193e+00
4.907359615991915724e+00
4.958373984719640859e+00
4.981296228861440412e+00
4.991595831382625192e+00
4.996223713909894393e+00
4.998303156003983894e+00
4.999237505629171352e+00
4.999657349271180884e+00
4.999846014111714254e+00
4.999930791087489723e+00
4.999968893700021511e+00
4.999986053694924770e+00
4.999993760114034735e+00
4.999997215390258987e+00
4.999998760102524642e+00
4.999999447810767883e+00
4.999999756760364455e+00
4.999999892473723229e+00
4.999999965574960292e+00
4.999999984669408093e+00
4.999999993187840275e+00
4.999999998991651040e+00
5.000000003695507012e+00
4.999999998859604666e+00
5.000000003528777270e+00
4.999999998730237927e+00
5.000000003373323842e+00
3.499999998607853158e+00
4.387956970810382273e+00
4.793825168631342670e+00
4.907359616022072935e+00
4.958373984713555060e+00
4.981296228665513581e+00
4.991595831071447442e+00
4.996223724356107176e+00
4.998303110073831768e+00
4.999237461546596428e+00
4.999657318200569023e+00
4.999845995395634901e+00
4.999930780931777896e+00
4.999968889789153437e+00
4.999986052791023816e+00
4.999993758746497541e+00
4.999997214998397332e+00
4.999998759832436690e+00
4.999999447676118258e+00
4.999999754015489906e+00
4.999999890447523576e+00
4.999999964580242207e+00
4.999999984225897975e+00
4.999999992992212761e+00
4.999999998854252503e+00
5.000000003505633117e+00
4.999999998726407213e+00
5.000000003351739331e+00
4.999999998605157536e+00
5.000000003211916066e+00
3.499999998493167119e+00
4.387956970713043248e+00
4.793825168587171781e+00
4.907359615988689860e+00
4.958373984686993197e+00
4.981296228487591016e+00
4.991595830774899767e+00
4.996223723982438969e+00
4.998303154499095236e+00
4.999237445368012622e+00
4.999657293675636716e+00
4.999845976977774775e+00
