5.000000000000000000e-01
3.184521301620752975e+00
4.390754408790278340e+00
4.795082100246943924e+00
4.907924439773630354e+00
4.958627832754427089e+00
4.981410281888754454e+00
4.991647093235934918e+00
4.996246791368537998e+00
4.998313546771578686e+00
4.999242184745646078e+00
4.999659456752020503e+00
4.999846963133474986e+00
4.999931218149257006e+00
4.999969084860330426e+00
4.999986138693767401e+00
4.999993798833066272e+00
4.999997232492188637e+00
4.999998767785420739e+00
4.999999451384850246e+00
4.999999758208161005e+00
4.999999893067184509e+00
4.999999965930964407e+00
4.999999984828278343e+00
4.999999994146635984e+00
4.999999999615675428e+00
4.999999999961246999e+00
4.999999999887148050e+00
5.000000000084987128e+00
3.499999999925891281e+00
4.394840359555671760e+00
4.796918074324767467e+00
4.908749348225904363e+00
4.958998433652053173e+00
4.981576810965518298e+00
4.991721904624769834e+00
4.996280363114845358e+00
4.998328610310991849e+00
4.999248943030211834e+00
4.999662488282938355e+00
4.999848323321538501e+00
4.999931828882490770e+00
4.999969360705815546e+00
4.999986263969301348e+00
4.999993854035341023e+00
4.999997257571034304e+00
4.999998778879244377e+00
4.999999456173008561e+00
4.999999760483494704e+00
4.999999894079016904e+00
4.999999966245905370e+00
4.999999984967940847e+00
4.999999993322031600e+00
4.999999999076008450e+00
5.000000003805137538e+00
4.999999998943990498e+00
5.000000003633402024e+00
4.999999998812365121e+00
5.000000003470678855e+00
3.499999998685393798e+00
4.326006482189155733e+00
4.765989021772486289e+00
4.894852028217308693e+00
4.952753944652344309e+00
4.978770989127357716e+00
4.990461171553181252e+00
4.995713890694615245e+00
4.998074075506975689e+00
4.999134546449488958e+00
4.999611074230882579e+00
4.999825214780796223e+00
4.999921441535772004e+00
4.999964687924482121e+00
4.999984160632048535e+00
4.999992912937523570e+00
4.999996835086121472e+00
4.999998590640012175e+00
4.999999372324197111e+00
4.999999720456541397e+00
4.999999875501600854e+00
4.999999958298486646e+00
4.999999981429760432e+00
4.999999991738435234e+00
4.999999998096278375e+00
5.000000002677726485e+00
4.999999998041053217e+00
5.000000002621765915e+00
4.999999997993233691e+00
5.000000002573788294e+00
3.499999997952007114e+00
4.532508105751060334e+00
4.858776175561213329e+00
4.936543983061902452e+00
4.971487392530058891e+00
4.987188445629598732e+00
4.994243368268219463e+00
4.997413329697022455e+00
4.998837661099678975e+00
4.999477639662997852e+00
4.999765240666450339e+00
4.999894484180557264e+00
