5.000000000000000000e-01
3.184521301620752975e+00
4.390754408790278340e+00
4.795082100246943924e+00
4.907924439773630354e+00
4.958627832754427089e+00
4.981410281888754454e+00
4.991647093235934918e+00
4.996246791368537998e+00
4.998313546771578686e+00
4.999242184745646078e+00
4.999659456752020503e+00
4.999846963133474986e+00
4.999931218149257006e+00
4.999969084860330426e+00
4.999986138693767401e+00
4.999993798833066272e+00
4.999997232492188637e+00
4.999998767785420739e+00
4.999999451384850246e+00
4.999999758208161005e+00
4.999999893067184509e+00
4.999999965930964407e+00
4.999999984828278343e+00
4.999999994146635984e+00
4.999999999615675428e+00
4.999999999961246999e+00
4.999999999887148050e+00
5.000000000084987128e+00
3.999999999925891281e+00
4.619504858722124574e+00
4.897866335574511787e+00
4.954108364769187034e+00
4.979379567908348569e+00
4.990734622979982049e+00
4.995836745309916616e+00
4.998129280580026368e+00
4.999159379032040107e+00
4.999622244786726455e+00
4.999830239748837002e+00
4.999923701887646565e+00
4.999965704466402983e+00
4.999984617387002395e+00
4.999993118048048579e+00
4.999996926982394285e+00
4.999998631685814487e+00
4.999999390620674333e+00
4.999999731237129375e+00
4.999999881441569372e+00
4.999999960954116140e+00
4.999999982613151595e+00
4.999999992265720117e+00
4.999999998426524428e+00
5.000000003035934171e+00
4.999999998329553108e+00
5.000000002932689647e+00
4.999999998243967347e+00
5.000000002842853952e+00
4.999999998168585869e+00
4.000000002765007778e+00
4.619504859998157187e+00
4.897866336142221222e+00
4.954108365007268588e+00
4.979379567837122877e+00
4.990734622727540426e+00
4.995836759714340936e+00
4.998129231932161076e+00
4.999159331614620783e+00
4.999622212005459865e+00
4.999830220046029616e+00
4.999923691125421676e+00
4.999965699795027696e+00
4.999984616330122478e+00
4.999993116806214388e+00
4.999996926630228877e+00
4.999998631422640116e+00
4.999999390487925410e+00
4.999999728546304922e+00
4.999999879104618294e+00
4.999999959821227691e+00
4.999999982107665275e+00
4.999999992041859187e+00
4.999999998276651425e+00
5.000000002860981674e+00
4.999999998198271456e+00
5.000000002779782626e+00
4.999999998129890599e+00
5.000000002709636071e+00
4.999999998070518537e+00
4.000000002649142239e+00
4.619504859946145459e+00
4.897866336117690622e+00
4.954108364986857360e+00
4.979379567678887675e+00
4.990734622443877555e+00
4.995836759338416755e+00
4.998129283233931019e+00
4.999159315120333069e+00
4.999622186583691175e+00
4.999830200747036990e+00
4.999923679268475141e+00
