5.000000000000000000e-01
3.267121957053355175e+00
4.314436408328234940e+00
4.760790215818540894e+00
4.892516030797730231e+00
4.951704411153412089e+00
4.978299389656878127e+00
4.990249279441616892e+00
4.995618711890032593e+00
4.998031336046165229e+00
4.999115381568210559e+00
4.999602479391914933e+00
4.999821359844401236e+00
4.999919711840817627e+00
4.999963909982445998e+00
4.999983807767434563e+00
4.999992756146697914e+00
4.999996764402207639e+00
4.999998559334688508e+00
4.999999358344864753e+00
4.999999716613173106e+00
4.999999875059870647e+00
4.999999958369651942e+00
4.999999981463997045e+00
4.999999992135419902e+00
4.999999998358723552e+00
5.000000002965888868e+00
4.999999998265914236e+00
5.000000002870738314e+00
3.999999998184964767e+00
4.619504857939879194e+00
4.870805797720778152e+00
4.941949247341165474e+00
4.973916133832134712e+00
4.988279748821656590e+00
4.994733686285750096e+00
4.997633646945335961e+00
4.998936679093290536e+00
4.999522173233680533e+00
4.999785270273298110e+00
4.999903492744965483e+00
4.999956621260352563e+00
4.999980525399103648e+00
4.999991284476808850e+00
4.999996088427322682e+00
4.999998257841046900e+00
4.999999224128746533e+00
4.999999656460063946e+00
4.999999848899062016e+00
4.999999947210818974e+00
4.999999976493150200e+00
4.999999989531275446e+00
4.999999996864355367e+00
5.000000001588335685e+00
4.999999996980054817e+00
5.000000001683356565e+00
4.999999997081137515e+00
5.000000001767411995e+00
4.999999997169098265e+00
4.000000001841110375e+00
4.619504859582997724e+00
4.870805797795735970e+00
4.941949247329396222e+00
4.973916133705836629e+00
4.988279748590726648e+00
4.994733719733449817e+00
4.997633657203424562e+00
4.998936651037309886e+00
4.999522146880653217e+00
4.999785252328811325e+00
4.999903481962712171e+00
4.999956615129038440e+00
4.999980523973935220e+00
4.999991283610300208e+00
4.999996086452507704e+00
4.999998256866499347e+00
4.999999223674926441e+00
4.999999654254080994e+00
4.999999846017628258e+00
4.999999945846817617e+00
4.999999975883395287e+00
4.999999989260442312e+00
4.999999996698100801e+00
5.000000001437125086e+00
4.999999996832512394e+00
5.000000001545448214e+00
4.999999996952496417e+00
5.000000001643320147e+00
4.999999997059124013e+00
4.000000001731352839e+00
4.619504859533769547e+00
4.870805797791730285e+00
4.941949247306603787e+00
4.973916133602910072e+00
4.988279748380773704e+00
4.994733719382095316e+00
4.997633656741047758e+00
4.998936657270401263e+00
4.999522127893546219e+00
4.999785234082320784e+00
4.999903469481375318e+00
