4.239000000000000000e+03 4.259000000000000000e+03 4.244000000000000000e+03 4.234000000000000000e+03 4.241000000000000000e+03 4.234000000000000000e+03 4.236000000000000000e+03 4.240000000000000000e+03 4.100000000000000000e+01 4.234000000000000000e+03 4.244000000000000000e+03 4.261000000000000000e+03 4.249000000000000000e+03 4.275000000000000000e+03 4.271000000000000000e+03 4.277000000000000000e+03 4.300000000000000000e+01 4.302000000000000000e+03 4.382000000000000000e+03 4.415000000000000000e+03 4.313000000000000000e+03
1.570000000000000000e+02 1.480000000000000000e+02 1.430000000000000000e+02 1.370000000000000000e+02 1.350000000000000000e+02 1.290000000000000000e+02 1.400000000000000000e+02 1.350000000000000000e+02 1.400000000000000000e+02 1.420000000000000000e+02 1.500000000000000000e+02 1.420000000000000000e+02 1.480000000000000000e+02 1.450000000000000000e+02 1.450000000000000000e+02 1.470000000000000000e+02 1.560000000000000000e+02 1.630000000000000000e+02 1.670000000000000000e+02 1.600000000000000000e+02 2.000000000000000000e+00
9.000000000000000000e+01 8.900000000000000000e+01 9.200000000000000000e+01 8.700000000000000000e+01 8.800000000000000000e+01 8.500000000000000000e+01 8.000000000000000000e+01 8.900000000000000000e+01 8.600000000000000000e+01 9.000000000000000000e+01 9.000000000000000000e+01 8.900000000000000000e+01 9.400000000000000000e+01 9.200000000000000000e+01 1.010000000000000000e+02 1.080000000000000000e+02 1.110000000000000000e+02 1.170000000000000000e+02 1.200000000000000000e+02 1.340000000000000000e+02 1.360000000000000000e+02
7.700000000000000000e+01 7.500000000000000000e+01 7.900000000000000000e+01 3.000000000000000000e+00 7.900000000000000000e+01 8.000000000000000000e+01 8.400000000000000000e+01 8.300000000000000000e+01 8.400000000000000000e+01 8.400000000000000000e+01 8.400000000000000000e+01 8.300000000000000000e+01 9.900000000000000000e+01 1.000000000000000000e+02 1.050000000000000000e+02 1.200000000000000000e+02 1.280000000000000000e+02 1.240000000000000000e+02 1.520000000000000000e+02 1.810000000000000000e+02 2.170000000000000000e+02
7.200000000000000000e+01 7.800000000000000000e+01 7.800000000000000000e+01 8.600000000000000000e+01 8.600000000000000000e+01 8.900000000000000000e+01 8.700000000000000000e+01 9.000000000000000000e+01 9.100000000000000000e+01 8.900000000000000000e+01 8.900000000000000000e+01 9.500000000000000000e+01 1.160000000000000000e+02 1.270000000000000000e+02 1.370000000000000000e+02 1.570000000000000000e+02 1.670000000000000000e+02 2.270000000000000000e+02 2.760000000000000000e+02 3.230000000000000000e+02 4.410000000000000000e+02
8.200000000000000000e+01 8.800000000000000000e+01 9.000000000000000000e+01 8.800000000000000000e+01 8.500000000000000000e+01 8.600000000000000000e+01 9.100000000000000000e+01 8.700000000000000000e+01 9.400000000000000000e+01 1.010000000000000000e+02 1.180000000000000000e+02 1.390000000000000000e+02 1.580000000000000000e+02 1.990000000000000000e+02 2.180000000000000000e+02 2.750000000000000000e+02 3.180000000000000000e+02 5.520000000000000000e+02 6.790000000000000000e+02 7.820000000000000000e+02 5.270000000000000000e+02
9.400000000000000000e+01 9.700000000000000000e+01 9.600000000000000000e+01 9.000000000000000000e+00 9.500000000000000000e+01 9.800000000000000000e+01 9.900000000000000000e+01 1.170000000000000000e+02 1.340000000000000000e+02 1.550000000000000000e+02 1.820000000000000000e+02 2.230000000000000000e+02 2.890000000000000000e+02 3.910000000000000000e+02 4.890000000000000000e+02 4.000000000000000000e+00 1.209000000000000000e+03 1.380000000000000000e+03 1.126000000000000000e+03 7.460000000000000000e+02 4.550000000000000000e+02
1.230000000000000000e+02 1.250000000000000000e+02 1.190000000000000000e+02 1.200000000000000000e+02 1.240000000000000000e+02 1.460000000000000000e+02 1.710000000000000000e+02 2.080000000000000000e+02 2.490000000000000000e+02 3.240000000000000000e+02 4.240000000000000000e+02 5.770000000000000000e+02 8.910000000000000000e+02 1.505000000000000000e+03 2.541000000000000000e+03 3.092000000000000000e+03 9.700000000000000000e+01 4.000000000000000000e+00 7.820000000000000000e+02 4.670000000000000000e+02 3.260000000000000000e+02
1.740000000000000000e+02 1.730000000000000000e+02 1.890000000000000000e+02 2.190000000000000000e+02 2.580000000000000000e+02 3.180000000000000000e+02 4.140000000000000000e+02 5.300000000000000000e+02 7.270000000000000000e+02 1.059000000000000000e+03 1.800000000000000000e+03 3.513000000000000000e+03 6.467000000000000000e+03 8.402000000000000000e+03 6.050000000000000000e+03 2.791000000000000000e+03 1.388000000000000000e+03 8.840000000000000000e+02 5.440000000000000000e+02 3.900000000000000000e+02 2.800000000000000000e+02
2.440000000000000000e+02 2.710000000000000000e+02 3.190000000000000000e+02 3.890000000000000000e+02 4.900000000000000000e+02 6.280000000000000000e+02 8.300000000000000000e+02 3.200000000000000000e+01 1.909000000000000000e+03 3.551000000000000000e+03 8.750000000000000000e+03 1.439600000000000000e+04 1.642400000000000000e+04 9.503000000000000000e+03 3.642000000000000000e+03 1.799000000000000000e+03 1.096000000000000000e+03 7.070000000000000000e+02 5.090000000000000000e+02 3.890000000000000000e+02 2.880000000000000000e+02
5.040000000000000000e+02 6.100000000000000000e+02 7.560000000000000000e+02 9.690000000000000000e+02 1.284000000000000000e+03 1.765000000000000000e+03 2.686000000000000000e+03 4.787000000000000000e+03 1.183300000000000000e+04 4.536100000000000000e+04 4.704970000000000000e+05 6.035100000000000000e+04 1.287500000000000000e+04 4.685000000000000000e+03 2.454000000000000000e+03 1.516000000000000000e+03 1.010000000000000000e+03 3.030000000000000000e+02 5.520000000000000000e+02 4.560000000000000000e+02 4.310000000000000000e+02
4.220000000000000000e+02 5.290000000000000000e+02 6.790000000000000000e+02 9.190000000000000000e+02 1.332000000000000000e+03 2.112000000000000000e+03 4.091000000000000000e+03 1.013600000000000000e+04 1.751100000000000000e+04 2.026000000000000000e+04 1.137500000000000000e+04 4.237000000000000000e+03 2.010000000000000000e+03 1.200000000000000000e+03 7.920000000000000000e+02 5.570000000000000000e+02 4.150000000000000000e+02 3.260000000000000000e+02 2.580000000000000000e+02 2.620000000000000000e+02 4.500000000000000000e+01
3.670000000000000000e+02 2.300000000000000000e+01 6.380000000000000000e+02 9.020000000000000000e+02 1.480000000000000000e+03 2.691000000000000000e+03 5.540000000000000000e+03 8.296000000000000000e+03 7.227000000000000000e+03 3.861000000000000000e+03 9.000000000000000000e+00 1.010000000000000000e+03 6.600000000000000000e+02 4.380000000000000000e+02 3.180000000000000000e+02 2.510000000000000000e+02 1.940000000000000000e+02 1.720000000000000000e+02 1.680000000000000000e+02 1.710000000000000000e+02 1.630000000000000000e+02
6.000000000000000000e+00 3.620000000000000000e+02 5.730000000000000000e+02 1.009000000000000000e+03 1.369000000000000000e+03 2.586000000000000000e+03 2.217000000000000000e+03 1.321000000000000000e+03 6.690000000000000000e+02 4.500000000000000000e+02 2.890000000000000000e+02 2.130000000000000000e+02 1.530000000000000000e+02 9.000000000000000000e+00 9.200000000000000000e+01 9.000000000000000000e+01 8.000000000000000000e+00 8.000000000000000000e+00 8.500000000000000000e+01 5.100000000000000000e+01 2.900000000000000000e+01
1.270000000000000000e+02 2.040000000000000000e+02 3.500000000000000000e+02 5.920000000000000000e+02 5.400000000000000000e+02 4.150000000000000000e+02 2.880000000000000000e+02 1.790000000000000000e+02 1.360000000000000000e+02 3.000000000000000000e+00 7.400000000000000000e+01 7.200000000000000000e+01 2.000000000000000000e+00 4.300000000000000000e+01 3.800000000000000000e+01 4.000000000000000000e+01 3.900000000000000000e+01 3.000000000000000000e+01 1.300000000000000000e+01 1.200000000000000000e+01 1.400000000000000000e+01
1.160000000000000000e+02 2.200000000000000000e+02 3.280000000000000000e+02 4.910000000000000000e+02 2.660000000000000000e+02 2.780000000000000000e+02 1.940000000000000000e+02 3.000000000000000000e+00 9.700000000000000000e+01 8.000000000000000000e+01 7.100000000000000000e+01 6.100000000000000000e+01 2.000000000000000000e+00 5.200000000000000000e+01 4.700000000000000000e+01 5.600000000000000000e+01 3.000000000000000000e+00 2.000000000000000000e+01 1.600000000000000000e+01 1.700000000000000000e+01 1.700000000000000000e+01
9.000000000000000000e+02 1.155000000000000000e+03 1.226000000000000000e+03 8.050000000000000000e+02 4.060000000000000000e+02 2.920000000000000000e+02 2.590000000000000000e+02 4.000000000000000000e+00 3.000000000000000000e+00 1.070000000000000000e+02 8.800000000000000000e+01 7.600000000000000000e+01 4.000000000000000000e+00 7.700000000000000000e+01 7.100000000000000000e+01 2.600000000000000000e+01 2.700000000000000000e+01 2.700000000000000000e+01 4.000000000000000000e+00 2.500000000000000000e+01 2.200000000000000000e+01
2.210000000000000000e+02 2.580000000000000000e+02 1.050000000000000000e+02 1.010000000000000000e+02 7.800000000000000000e+01 2.000000000000000000e+00 6.200000000000000000e+01 2.000000000000000000e+00 4.500000000000000000e+01 4.700000000000000000e+01 4.700000000000000000e+01 4.000000000000000000e+01 4.700000000000000000e+01 3.900000000000000000e+01 1.900000000000000000e+01 1.600000000000000000e+01 1.400000000000000000e+01 1.300000000000000000e+01 1.200000000000000000e+01 1.500000000000000000e+01 1.400000000000000000e+01
2.510000000000000000e+02 2.070000000000000000e+02 1.220000000000000000e+02 9.500000000000000000e+01 7.500000000000000000e+01 7.300000000000000000e+01 6.300000000000000000e+01 5.900000000000000000e+01 1.000000000000000000e+00 1.000000000000000000e+00 5.600000000000000000e+01 3.000000000000000000e+00 2.800000000000000000e+01 2.100000000000000000e+01 2.500000000000000000e+01 2.000000000000000000e+01 2.500000000000000000e+01 2.000000000000000000e+01 1.000000000000000000e+00 1.800000000000000000e+01 1.800000000000000000e+01
5.600000000000000000e+01 2.000000000000000000e+00 3.900000000000000000e+01 4.800000000000000000e+01 3.200000000000000000e+01 3.500000000000000000e+01 2.900000000000000000e+01 2.800000000000000000e+01 3.300000000000000000e+01 2.900000000000000000e+01 3.500000000000000000e+01 1.200000000000000000e+01 1.800000000000000000e+01 1.300000000000000000e+01 1.100000000000000000e+01 1.100000000000000000e+01 6.000000000000000000e+00 1.000000000000000000e+01 1.100000000000000000e+01 1.300000000000000000e+01 1.000000000000000000e+00
1.560000000000000000e+03 1.516000000000000000e+03 1.600000000000000000e+01 1.016000000000000000e+03 1.300000000000000000e+01 9.710000000000000000e+02 1.500000000000000000e+01 1.299000000000000000e+03 8.950000000000000000e+02 1.300000000000000000e+01 9.270000000000000000e+02 7.270000000000000000e+02 1.700000000000000000e+01 7.230000000000000000e+02 7.790000000000000000e+02 7.790000000000000000e+02 7.850000000000000000e+02 1.200000000000000000e+01 1.099000000000000000e+03 8.650000000000000000e+02 7.960000000000000000e+02
