-6.224758338080098952e+01 -6.223424229114001349e+01 -6.225181276270375008e+01 -6.225716733123697821e+01 -6.224686550442436328e+01 -6.225037706410855520e+01 -6.224540118003207567e+01 -6.225078041065617640e+01 -7.540795830003315814e+01 -6.225688187198618095e+01 -6.224880551220383040e+01 -6.225098562826448045e+01 -6.225646333104553776e+01 -6.224885662034817102e+01 -6.224407917859311823e+01 -6.224976303968383462e+01 -7.544782839951979270e+01 -6.224976818853324545e+01 -6.224515338511005780e+01 -6.225637536570430086e+01 -6.224858288401397743e+01
-2.147643367646883128e+00 -2.138493660272254182e+00 -2.143680675282921388e+00 -2.151154184558989879e+00 -2.142713814106814940e+00 -2.146102259568678949e+00 -2.137045650045188872e+00 -2.151510169283207929e+00 -2.137569888339793778e+00 -2.132480471897799212e+00 -2.141810684155445621e+00 -2.140492280934280789e+00 -2.133377476731135758e+00 -2.143233949401948557e+00 -2.134301092595334737e+00 -2.136435273813201530e+00 -2.146072889861191602e+00 -2.143349392429856337e+00 -2.160478704924281512e+00 -2.145676921749098742e+00 -2.833368330008314118e+01
-1.301903774115393597e+00 -1.301694093755147552e+00 -1.315728475976684297e+00 -1.310497709934496546e+00 -1.319599166500011078e+00 -1.307312333566712503e+00 -1.316031981753468250e+00 -1.306589310353335920e+00 -1.313948472187574268e+00 -1.301808679203312114e+00 -1.319179801988029865e+00 -1.305359976937488842e+00 -1.310663545695860854e+00 -1.302029062620666089e+00 -1.304370004452724885e+00 -1.302685984124553942e+00 -1.301925520137391601e+00 -1.306458881136402628e+00 -1.319726057998746427e+00 -1.301709274409424077e+00 -1.309139610422172861e+00
-1.146015396191835789e+00 -1.150797923056580130e+00 -1.145325253853013425e+00 -7.500471202655600678e+01 -1.155417752183729219e+00 -1.145979643326879183e+00 -1.160283928681232313e+00 -1.156873199024870624e+00 -1.160538082206835409e+00 -1.149558454897808613e+00 -1.158250469274157313e+00 -1.149056547787959071e+00 -1.149724160126284422e+00 -1.155370815162934717e+00 -1.147050262692093314e+00 -1.164167590292562116e+00 -1.147659434926462163e+00 -1.152201829698827673e+00 -1.154089367680175338e+00 -1.152885472696555391e+00 -1.172414862469473240e+00
-1.182192857394906982e+00 -1.179049903184071990e+00 -1.184672383138009710e+00 -1.187640765213204164e+00 -1.195082813003497391e+00 -1.184123568042667385e+00 -1.189614122492168358e+00 -1.184694075218895248e+00 -1.183759214848860708e+00 -1.188181663807232891e+00 -1.188659853544701939e+00 -1.194448337838748264e+00 -1.182278203483188905e+00 -1.179919732281980771e+00 -1.184903170551883544e+00 -1.184292853376222920e+00 -1.189495332711494324e+00 -1.227248142484600679e+00 -1.198324919973904557e+00 -1.179726703539216270e+00 -1.209294759403977126e+00
-1.203584742332697299e+00 -1.220521044299795799e+00 -1.221948997546854709e+00 -1.207828796590168174e+00 -1.203146143292566972e+00 -1.206533755284506126e+00 -1.215432192871575001e+00 -1.209427441402403103e+00 -1.202741009025706909e+00 -1.215668157104993208e+00 -1.223063418802152080e+00 -1.212390774567755347e+00 -1.207514764033130517e+00 -1.209451920162554650e+00 -1.206431009917166897e+00 -1.230525671018686928e+00 -1.203264596293014632e+00 -1.225566310328477959e+00 -1.230275630974548839e+00 -1.207557365727312648e+00 -1.207120005737461366e+00
-1.334915809093178751e+00 -1.323057318977465036e+00 -1.335407955293953286e+00 -7.504685683785092465e+01 -1.326441088580832206e+00 -1.329558357830877391e+00 -1.324808825427841175e+00 -1.325541192250359712e+00 -1.326209794120179364e+00 -1.336381840255549180e+00 -1.324575934583093861e+00 -1.325028022175593678e+00 -1.324740975314965929e+00 -1.335866047414211000e+00 -1.323349426745291213e+00 -1.809641929153204654e+00 -1.322794346201192184e+00 -1.341657603817914879e+00 -1.363800290154336237e+00 -1.336049152840715681e+00 -1.359759648395638010e+00
-1.740380965223122356e+00 -1.741265590861202028e+00 -1.739021957270030283e+00 -1.732695029829496525e+00 -1.737549958584447385e+00 -1.728900033667970959e+00 -1.734047195199321489e+00 -1.726664058487363151e+00 -1.746516342367829155e+00 -1.728720043893176239e+00 -1.726509910916528501e+00 -1.730479274459780559e+00 -1.732788629253724899e+00 -1.727179284135407000e+00 -1.756196734392732495e+00 -1.736696247789646597e+00 -1.753667442931566622e+00 -4.546160732098385004e+00 -1.735368303122290623e+00 -1.726592225394526947e+00 -1.728881174011966726e+00
-2.583997877781328611e+00 -2.583767792570912381e+00 -2.589462018557673773e+00 -2.582804667928344955e+00 -2.584954411943248154e+00 -2.581551981139237117e+00 -2.581951531731756955e+00 -2.578761302322283289e+00 -2.579792453472916858e+00 -2.581075524173178870e+00 -2.579898761512741334e+00 -2.588121319627409544e+00 -2.584892139426528068e+00 -2.577787590774092585e+00 -2.585622434644548662e+00 -2.577912060069192712e+00 -2.596414078855231011e+00 -2.582944797083313482e+00 -2.624787527314424551e+00 -2.616926155704952794e+00 -2.613835296508189909e+00
-3.600459705690917112e+00 -3.602960476380637544e+00 -3.596245269628958408e+00 -3.599464480278801837e+00 -3.596123424700152782e+00 -3.597600219582278047e+00 -3.595334930040360977e+00 -1.433147571846205359e+01 -3.604476057287772761e+00 -3.612468892543156507e+00 -3.604206231678555028e+00 -3.610163286065518840e+00 -3.599153946878586030e+00 -3.603989473244513242e+00 -3.630712854526644051e+00 -3.631676235338926251e+00 -3.642730294746206798e+00 -3.597749400962393374e+00 -3.600326564167835031e+00 -3.602867942691398540e+00 -3.593809645134384834e+00
-5.967098634408751323e+00 -5.962786212341410597e+00 -5.962415417512414884e+00 -5.967425024031834724e+00 -5.957627152181852459e+00 -5.959187189834644904e+00 -5.969784831638694556e+00 -5.956080580186836393e+00 -5.958032917437261489e+00 -5.958217760306408373e+00 -5.962180325532776770e+00 -5.957745178844260359e+00 -5.982798289977330874e+00 -5.960107123734710299e+00 -5.958979915800727944e+00 -5.973038432421681421e+00 -5.970636217260292256e+00 -3.600360174070871722e+01 -6.024281078498069597e+00 -6.242934029516761463e+00 -6.332124951623778308e+00
-3.873022926353185902e+00 -3.872718502116704098e+00 -3.873953502854286413e+00 -3.869859315568955793e+00 -3.871283564830157786e+00 -3.869281740571515638e+00 -3.879937445996264778e+00 -3.868767491614735654e+00 -3.876000569841421939e+00 -3.879531609419367477e+00 -3.873713741837154334e+00 -3.869260198987559907e+00 -3.869415453761363644e+00 -3.873156982880964883e+00 -3.869471246038408196e+00 -3.871415903360328592e+00 -3.872980494785768890e+00 -3.873861539358390171e+00 -3.882012068584311137e+00 -3.879676244811310681e+00 -7.533065981956393387e+01
-2.511922913764021992e+00 -2.837407603173554094e+01 -2.514488975784058500e+00 -2.509839496958285121e+00 -2.513509205356239118e+00 -2.508434659038986325e+00 -2.518491913948394778e+00 -2.513022448747517679e+00 -2.515439618569730307e+00 -2.522891045435829760e+00 -4.552692685967358877e+00 -2.513152446765241077e+00 -2.512387739700554512e+00 -2.547412177215662155e+00 -2.553611494249135472e+00 -2.517615940345376391e+00 -2.518331358884822624e+00 -2.514615956304101285e+00 -2.547165457584956272e+00 -2.514004310206839676e+00 -2.529000824312037654e+00
-1.430039420927936256e+01 -1.297751152512687023e+00 -1.293727518877111571e+00 -1.316464715371010508e+00 -1.285914410943710839e+00 -1.297320123123427260e+00 -1.283504120439652008e+00 -1.284886659702362044e+00 -1.333349814978880721e+00 -1.307838416431712947e+00 -1.285530701490649630e+00 -1.286405125519632486e+00 -1.293700452456584271e+00 -4.691884305431737801e+01 -1.317301276934422338e+00 -1.283572190992002593e+00 -7.505265466742362435e+01 -7.504525233194348743e+01 -1.293337061915860842e+00 -1.325163031807317537e+00 -1.331419100543432155e+00
-6.166771332427252172e-01 -6.168586243890966658e-01 -6.110822110583933320e-01 -6.148122928135504317e-01 -6.167779802894207686e-01 -6.051555306556807290e-01 -6.055739418924442896e-01 -6.173816521788909606e-01 -6.079526145581164442e-01 -2.412971737685633755e+01 -6.056253906130210085e-01 -6.083166213283760504e-01 -6.144269978510902064e+01 -6.348000586446589377e-01 -6.106041024146601215e-01 -6.491255709733976254e-01 -6.527316367088301652e-01 -6.081228224344006339e-01 -6.131773362417646256e-01 -6.104640425823009142e-01 -6.258470503504015570e-01
-6.969503022300912454e-01 -6.869722418510079143e-01 -6.829491692889023691e-01 -6.793229334088234372e-01 -6.789364780916731235e-01 -6.828044716123294888e-01 -6.825789213858918236e-01 -1.575142337586315300e+01 -6.851793711602894854e-01 -6.937611193770126805e-01 -7.213115691774537597e-01 -6.907025437528931944e-01 -7.499323224453441128e+01 -6.928439274397926173e-01 -6.889640400436189971e-01 -7.109348047751943289e-01 -7.501503412779460689e+01 -6.868867705488085340e-01 -7.277182106899734437e-01 -6.908025630302904174e-01 -7.293319639143875932e-01
-1.118992808431948482e+00 -1.114740555649737397e+00 -1.115847229745003055e+00 -1.110925376064393788e+00 -1.111029096459250187e+00 -1.153314683258971796e+00 -1.116437107505222848e+00 -2.412988646997068543e+01 -4.687644780378561649e+01 -1.120804274746263207e+00 -1.137616676837520435e+00 -1.110881025548072776e+00 -7.502256747985046559e+01 -1.113454310195211905e+00 -1.122602935472666097e+00 -4.221328194494793351e+00 -1.152096759889013944e+00 -1.150706175208670690e+00 -7.509088643696678389e+01 -1.157515586758230741e+00 -1.117694802219532102e+00
-6.099897170836257043e-01 -5.998004217392089998e-01 -6.309276784576538510e-01 -6.016129217921905026e-01 -6.009914714555677495e-01 -2.412293873368929908e+01 -6.095811582194828881e-01 -4.687421524800029005e+01 -6.435452979199342005e-01 -6.048434913043494454e-01 -6.143105900073502212e-01 -6.421800856292925186e-01 -6.019963958453627972e-01 -6.022816860069701850e-01 -6.081008895205833875e-01 -6.030016295797701043e-01 -6.403578385139075957e-01 -6.253417452002232313e-01 -6.103368030875718775e-01 -6.366399665661044427e-01 -6.125622645478778772e-01
-8.672215425129013999e-01 -8.250884274163929888e-01 -8.175173080055680996e-01 -8.232562431768416511e-01 -8.224873498625451251e-01 -8.265210550125147160e-01 -8.441703543191245718e-01 -8.258170229547735497e-01 -7.500000000000000000e+01 -7.500000000000000000e+01 -8.286035060514252981e-01 -7.501503323632992704e+01 -8.547613310001019871e-01 -8.617193963648376309e-01 -8.233162627069416928e-01 -8.385985433661936606e-01 -8.209784378025103413e-01 -8.322145908482407872e-01 -7.500000000000000000e+01 -8.647331585382141972e-01 -8.227078531172415943e-01
-5.074266079625836534e-01 -1.574988786042994171e+01 -4.902107831298084251e-01 -4.838711885902864385e-01 -4.835661085079422383e-01 -4.940906120624579678e-01 -4.804177743039405035e-01 -4.885830492546632264e-01 -4.798236545339578663e-01 -4.824855151198458869e-01 -5.087478519597080640e-01 -4.833899291020468669e-01 -5.209224540071355491e-01 -5.099632832964312579e-01 -4.839716487325118055e-01 -4.816751336825552121e-01 -1.236477532219248587e+01 -5.084121442388903622e-01 -5.118634766311401796e-01 -4.854178427383932237e-01 -7.500000000000000000e+01
-3.833682781898385770e+02 -3.833682992879686822e+02 -3.900706230531509959e+02 -3.833659188685480785e+02 -3.906421223068942936e+02 -3.833652939127542822e+02 -3.906716184568654739e+02 -3.827176895283826639e+02 -3.833625421991903295e+02 -3.906843554773330425e+02 -3.833606501202268646e+02 -3.833717799963513926e+02 -4.029921176456718968e+02 -3.833667795212871852e+02 -3.833662743873795193e+02 -3.833663463922158030e+02 -3.833727832303588912e+02 -3.906739142260698827e+02 -3.833629968958928202e+02 -3.833644926863937030e+02 -3.833735526309527017e+02
