7.699600000000000000e+04 7.697600000000000000e+04 7.699100000000000000e+04 7.700100000000000000e+04 7.699400000000000000e+04 7.700100000000000000e+04 7.699900000000000000e+04 7.699500000000000000e+04 8.119400000000000000e+04 7.700100000000000000e+04 7.699100000000000000e+04 7.697400000000000000e+04 7.698600000000000000e+04 7.696000000000000000e+04 7.696400000000000000e+04 7.695800000000000000e+04 8.119200000000000000e+04 7.693300000000000000e+04 7.685300000000000000e+04 7.682000000000000000e+04 7.692200000000000000e+04
2.775000000000000000e+03 2.784000000000000000e+03 2.789000000000000000e+03 2.795000000000000000e+03 2.797000000000000000e+03 2.803000000000000000e+03 2.792000000000000000e+03 2.797000000000000000e+03 2.792000000000000000e+03 2.790000000000000000e+03 2.782000000000000000e+03 2.790000000000000000e+03 2.784000000000000000e+03 2.787000000000000000e+03 2.787000000000000000e+03 2.785000000000000000e+03 2.776000000000000000e+03 2.769000000000000000e+03 2.765000000000000000e+03 2.772000000000000000e+03 2.930000000000000000e+03
1.979000000000000000e+03 1.980000000000000000e+03 1.977000000000000000e+03 1.982000000000000000e+03 1.981000000000000000e+03 1.984000000000000000e+03 1.989000000000000000e+03 1.980000000000000000e+03 1.983000000000000000e+03 1.979000000000000000e+03 1.979000000000000000e+03 1.980000000000000000e+03 1.975000000000000000e+03 1.977000000000000000e+03 1.968000000000000000e+03 1.961000000000000000e+03 1.958000000000000000e+03 1.952000000000000000e+03 1.949000000000000000e+03 1.935000000000000000e+03 1.933000000000000000e+03
2.045000000000000000e+03 2.047000000000000000e+03 2.043000000000000000e+03 2.119000000000000000e+03 2.043000000000000000e+03 2.042000000000000000e+03 2.038000000000000000e+03 2.039000000000000000e+03 2.038000000000000000e+03 2.038000000000000000e+03 2.038000000000000000e+03 2.039000000000000000e+03 2.023000000000000000e+03 2.022000000000000000e+03 2.017000000000000000e+03 2.002000000000000000e+03 1.994000000000000000e+03 1.998000000000000000e+03 1.970000000000000000e+03 1.941000000000000000e+03 1.905000000000000000e+03
2.930000000000000000e+03 2.924000000000000000e+03 2.924000000000000000e+03 2.916000000000000000e+03 2.916000000000000000e+03 2.913000000000000000e+03 2.915000000000000000e+03 2.912000000000000000e+03 2.911000000000000000e+03 2.913000000000000000e+03 2.913000000000000000e+03 2.907000000000000000e+03 2.886000000000000000e+03 2.875000000000000000e+03 2.865000000000000000e+03 2.845000000000000000e+03 2.835000000000000000e+03 2.775000000000000000e+03 2.726000000000000000e+03 2.679000000000000000e+03 2.561000000000000000e+03
4.776000000000000000e+03 4.770000000000000000e+03 4.768000000000000000e+03 4.770000000000000000e+03 4.773000000000000000e+03 4.772000000000000000e+03 4.767000000000000000e+03 4.771000000000000000e+03 4.764000000000000000e+03 4.757000000000000000e+03 4.740000000000000000e+03 4.719000000000000000e+03 4.700000000000000000e+03 4.659000000000000000e+03 4.640000000000000000e+03 4.583000000000000000e+03 4.540000000000000000e+03 4.306000000000000000e+03 4.179000000000000000e+03 4.076000000000000000e+03 4.331000000000000000e+03
7.395000000000000000e+03 7.392000000000000000e+03 7.393000000000000000e+03 7.480000000000000000e+03 7.394000000000000000e+03 7.391000000000000000e+03 7.390000000000000000e+03 7.372000000000000000e+03 7.355000000000000000e+03 7.334000000000000000e+03 7.307000000000000000e+03 7.266000000000000000e+03 7.200000000000000000e+03 7.098000000000000000e+03 7.000000000000000000e+03 7.485000000000000000e+03 6.280000000000000000e+03 6.109000000000000000e+03 6.363000000000000000e+03 6.743000000000000000e+03 7.034000000000000000e+03
1.229300000000000000e+04 1.229100000000000000e+04 1.229700000000000000e+04 1.229600000000000000e+04 1.229200000000000000e+04 1.227000000000000000e+04 1.224500000000000000e+04 1.220800000000000000e+04 1.216700000000000000e+04 1.209200000000000000e+04 1.199200000000000000e+04 1.183900000000000000e+04 1.152500000000000000e+04 1.091100000000000000e+04 9.875000000000000000e+03 9.324000000000000000e+03 1.231900000000000000e+04 1.241200000000000000e+04 1.163400000000000000e+04 1.194900000000000000e+04 1.209000000000000000e+04
3.639700000000000000e+04 3.639800000000000000e+04 3.638200000000000000e+04 3.635200000000000000e+04 3.631300000000000000e+04 3.625300000000000000e+04 3.615700000000000000e+04 3.604100000000000000e+04 3.584400000000000000e+04 3.551200000000000000e+04 3.477100000000000000e+04 3.305800000000000000e+04 3.010400000000000000e+04 2.816900000000000000e+04 3.052100000000000000e+04 3.378000000000000000e+04 3.518300000000000000e+04 3.568700000000000000e+04 3.602700000000000000e+04 3.618100000000000000e+04 3.629100000000000000e+04
6.592300000000000000e+04 6.589600000000000000e+04 6.584800000000000000e+04 6.577800000000000000e+04 6.567700000000000000e+04 6.553900000000000000e+04 6.533700000000000000e+04 6.613500000000000000e+04 6.425800000000000000e+04 6.261600000000000000e+04 5.741700000000000000e+04 5.177100000000000000e+04 4.974300000000000000e+04 5.666400000000000000e+04 6.252500000000000000e+04 6.436800000000000000e+04 6.507100000000000000e+04 6.546000000000000000e+04 6.565800000000000000e+04 6.577800000000000000e+04 6.587900000000000000e+04
6.251820000000000000e+05 6.250760000000000000e+05 6.249300000000000000e+05 6.247170000000000000e+05 6.244020000000000000e+05 6.239210000000000000e+05 6.230000000000000000e+05 6.208990000000000000e+05 6.138530000000000000e+05 5.803250000000000000e+05 1.551890000000000000e+05 5.653350000000000000e+05 6.128110000000000000e+05 6.210010000000000000e+05 6.232320000000000000e+05 6.241700000000000000e+05 6.246760000000000000e+05 6.253830000000000000e+05 6.251340000000000000e+05 6.252300000000000000e+05 6.252550000000000000e+05
7.904700000000000000e+04 7.894000000000000000e+04 7.879000000000000000e+04 7.855000000000000000e+04 7.813700000000000000e+04 7.735700000000000000e+04 7.537800000000000000e+04 6.933300000000000000e+04 6.195800000000000000e+04 5.920900000000000000e+04 6.809400000000000000e+04 7.523200000000000000e+04 7.745900000000000000e+04 7.826900000000000000e+04 7.867700000000000000e+04 7.891200000000000000e+04 7.905400000000000000e+04 7.914300000000000000e+04 7.921100000000000000e+04 7.920700000000000000e+04 7.942400000000000000e+04
3.421300000000000000e+04 3.455700000000000000e+04 3.394200000000000000e+04 3.367800000000000000e+04 3.310000000000000000e+04 3.188900000000000000e+04 2.904000000000000000e+04 2.628400000000000000e+04 2.735300000000000000e+04 3.071900000000000000e+04 3.457100000000000000e+04 3.357000000000000000e+04 3.392000000000000000e+04 3.414200000000000000e+04 3.426200000000000000e+04 3.432900000000000000e+04 3.438600000000000000e+04 3.440800000000000000e+04 3.441200000000000000e+04 3.440900000000000000e+04 3.441700000000000000e+04
1.158400000000000000e+04 1.122800000000000000e+04 1.101700000000000000e+04 1.058100000000000000e+04 1.022100000000000000e+04 9.004000000000000000e+03 9.373000000000000000e+03 1.026900000000000000e+04 1.092100000000000000e+04 1.114000000000000000e+04 1.130100000000000000e+04 1.137700000000000000e+04 1.143700000000000000e+04 1.158100000000000000e+04 1.149800000000000000e+04 1.150000000000000000e+04 1.158200000000000000e+04 1.158200000000000000e+04 1.150500000000000000e+04 1.153900000000000000e+04 1.156100000000000000e+04
3.085000000000000000e+03 3.008000000000000000e+03 2.862000000000000000e+03 2.620000000000000000e+03 2.672000000000000000e+03 2.797000000000000000e+03 2.924000000000000000e+03 3.033000000000000000e+03 3.076000000000000000e+03 3.209000000000000000e+03 3.138000000000000000e+03 3.140000000000000000e+03 3.210000000000000000e+03 3.169000000000000000e+03 3.174000000000000000e+03 3.172000000000000000e+03 3.173000000000000000e+03 3.182000000000000000e+03 3.199000000000000000e+03 3.200000000000000000e+03 3.198000000000000000e+03
2.320000000000000000e+03 2.216000000000000000e+03 2.108000000000000000e+03 1.945000000000000000e+03 2.170000000000000000e+03 2.158000000000000000e+03 2.242000000000000000e+03 2.433000000000000000e+03 2.339000000000000000e+03 2.356000000000000000e+03 2.365000000000000000e+03 2.375000000000000000e+03 2.434000000000000000e+03 2.384000000000000000e+03 2.389000000000000000e+03 2.380000000000000000e+03 2.433000000000000000e+03 2.416000000000000000e+03 2.420000000000000000e+03 2.419000000000000000e+03 2.419000000000000000e+03
4.705000000000000000e+03 4.450000000000000000e+03 4.379000000000000000e+03 4.800000000000000000e+03 5.199000000000000000e+03 5.313000000000000000e+03 5.346000000000000000e+03 5.601000000000000000e+03 5.602000000000000000e+03 5.498000000000000000e+03 5.517000000000000000e+03 5.529000000000000000e+03 5.601000000000000000e+03 5.528000000000000000e+03 5.534000000000000000e+03 5.579000000000000000e+03 5.578000000000000000e+03 5.578000000000000000e+03 5.601000000000000000e+03 5.580000000000000000e+03 5.583000000000000000e+03
9.770000000000000000e+02 9.400000000000000000e+02 1.093000000000000000e+03 1.097000000000000000e+03 1.120000000000000000e+03 1.196000000000000000e+03 1.136000000000000000e+03 1.196000000000000000e+03 1.153000000000000000e+03 1.151000000000000000e+03 1.151000000000000000e+03 1.158000000000000000e+03 1.151000000000000000e+03 1.159000000000000000e+03 1.179000000000000000e+03 1.182000000000000000e+03 1.184000000000000000e+03 1.185000000000000000e+03 1.186000000000000000e+03 1.183000000000000000e+03 1.184000000000000000e+03
9.320000000000000000e+02 9.760000000000000000e+02 1.061000000000000000e+03 1.088000000000000000e+03 1.108000000000000000e+03 1.110000000000000000e+03 1.120000000000000000e+03 1.124000000000000000e+03 1.182000000000000000e+03 1.182000000000000000e+03 1.127000000000000000e+03 1.180000000000000000e+03 1.155000000000000000e+03 1.162000000000000000e+03 1.158000000000000000e+03 1.163000000000000000e+03 1.158000000000000000e+03 1.163000000000000000e+03 1.182000000000000000e+03 1.165000000000000000e+03 1.165000000000000000e+03
4.170000000000000000e+02 4.710000000000000000e+02 4.340000000000000000e+02 4.250000000000000000e+02 4.410000000000000000e+02 4.380000000000000000e+02 4.440000000000000000e+02 4.450000000000000000e+02 4.400000000000000000e+02 4.440000000000000000e+02 4.380000000000000000e+02 4.610000000000000000e+02 4.550000000000000000e+02 4.600000000000000000e+02 4.620000000000000000e+02 4.620000000000000000e+02 4.670000000000000000e+02 4.630000000000000000e+02 4.620000000000000000e+02 4.600000000000000000e+02 4.720000000000000000e+02
1.326400000000000000e+04 1.330800000000000000e+04 1.480800000000000000e+04 1.380800000000000000e+04 1.481100000000000000e+04 1.385300000000000000e+04 1.480900000000000000e+04 1.352500000000000000e+04 1.392900000000000000e+04 1.481100000000000000e+04 1.389700000000000000e+04 1.409700000000000000e+04 1.480700000000000000e+04 1.410100000000000000e+04 1.404500000000000000e+04 1.404500000000000000e+04 1.403900000000000000e+04 1.481200000000000000e+04 1.372500000000000000e+04 1.395900000000000000e+04 1.402800000000000000e+04
