1.260000000000000000e+02 1.260000000000000000e+02 1.090000000000000000e+02 1.330000000000000000e+02 1.720000000000000000e+02 2.080000000000000000e+02 2.540000000000000000e+02 3.050000000000000000e+02 3.280000000000000000e+02 3.370000000000000000e+02 3.170000000000000000e+02 2.840000000000000000e+02 2.420000000000000000e+02 2.040000000000000000e+02 1.730000000000000000e+02 1.380000000000000000e+02
6.500000000000000000e+01 6.800000000000000000e+01 6.900000000000000000e+01 8.000000000000000000e+01 9.400000000000000000e+01 1.180000000000000000e+02 1.470000000000000000e+02 1.680000000000000000e+02 1.860000000000000000e+02 1.970000000000000000e+02 1.790000000000000000e+02 1.600000000000000000e+02 1.330000000000000000e+02 1.100000000000000000e+02 8.800000000000000000e+01 7.100000000000000000e+01
4.551000000000000000e+03 4.403000000000000000e+03 4.406000000000000000e+03 4.944000000000000000e+03 5.508000000000000000e+03 7.208000000000000000e+03 1.022500000000000000e+04 1.303400000000000000e+04 1.803000000000000000e+04 1.797800000000000000e+04 1.041800000000000000e+04 1.259300000000000000e+04 9.506000000000000000e+03 7.521000000000000000e+03 6.199000000000000000e+03 5.536000000000000000e+03
6.300000000000000000e+01 6.300000000000000000e+01 7.100000000000000000e+01 8.700000000000000000e+01 1.100000000000000000e+02 1.400000000000000000e+02 1.660000000000000000e+02 2.020000000000000000e+02 2.300000000000000000e+02 2.300000000000000000e+02 2.170000000000000000e+02 1.880000000000000000e+02 1.540000000000000000e+02 1.230000000000000000e+02 9.900000000000000000e+01 8.500000000000000000e+01
8.100000000000000000e+01 6.900000000000000000e+01 8.000000000000000000e+01 9.500000000000000000e+01 1.210000000000000000e+02 1.540000000000000000e+02 1.800000000000000000e+02 2.240000000000000000e+02 2.460000000000000000e+02 2.550000000000000000e+02 2.410000000000000000e+02 2.020000000000000000e+02 1.640000000000000000e+02 1.280000000000000000e+02 1.010000000000000000e+02 8.000000000000000000e+01
6.900000000000000000e+01 8.600000000000000000e+01 7.900000000000000000e+01 9.400000000000000000e+01 1.230000000000000000e+02 1.470000000000000000e+02 1.910000000000000000e+02 2.360000000000000000e+02 2.620000000000000000e+02 2.740000000000000000e+02 2.510000000000000000e+02 2.110000000000000000e+02 1.670000000000000000e+02 1.320000000000000000e+02 1.010000000000000000e+02 8.000000000000000000e+01
8.500000000000000000e+01 8.500000000000000000e+01 8.900000000000000000e+01 9.900000000000000000e+01 1.280000000000000000e+02 1.570000000000000000e+02 2.060000000000000000e+02 2.460000000000000000e+02 2.850000000000000000e+02 2.980000000000000000e+02 2.670000000000000000e+02 2.230000000000000000e+02 1.720000000000000000e+02 1.330000000000000000e+02 1.030000000000000000e+02 9.500000000000000000e+01
2.210000000000000000e+02 2.230000000000000000e+02 2.000000000000000000e+02 2.530000000000000000e+02 3.120000000000000000e+02 4.200000000000000000e+02 5.380000000000000000e+02 6.860000000000000000e+02 8.130000000000000000e+02 8.270000000000000000e+02 1.980000000000000000e+02 5.850000000000000000e+02 4.400000000000000000e+02 3.280000000000000000e+02 2.530000000000000000e+02 1.950000000000000000e+02
2.280000000000000000e+02 2.170000000000000000e+02 2.040000000000000000e+02 2.370000000000000000e+02 2.960000000000000000e+02 3.950000000000000000e+02 5.080000000000000000e+02 6.580000000000000000e+02 7.820000000000000000e+02 7.880000000000000000e+02 7.000000000000000000e+02 5.370000000000000000e+02 4.020000000000000000e+02 3.000000000000000000e+02 2.260000000000000000e+02 2.420000000000000000e+02
3.710000000000000000e+02 3.660000000000000000e+02 3.710000000000000000e+02 3.890000000000000000e+02 4.980000000000000000e+02 6.460000000000000000e+02 8.820000000000000000e+02 1.162000000000000000e+03 1.383000000000000000e+03 1.450000000000000000e+03 1.191000000000000000e+03 8.980000000000000000e+02 6.450000000000000000e+02 4.780000000000000000e+02 3.730000000000000000e+02 3.390000000000000000e+02
3.430000000000000000e+02 3.360000000000000000e+02 3.570000000000000000e+02 4.120000000000000000e+02 5.000000000000000000e+02 6.410000000000000000e+02 8.410000000000000000e+02 1.095000000000000000e+03 1.324000000000000000e+03 1.325000000000000000e+03 1.088000000000000000e+03 8.230000000000000000e+02 6.150000000000000000e+02 4.650000000000000000e+02 3.540000000000000000e+02 3.580000000000000000e+02
9.030000000000000000e+02 9.070000000000000000e+02 9.080000000000000000e+02 9.700000000000000000e+02 1.146000000000000000e+03 1.568000000000000000e+03 2.209000000000000000e+03 3.076000000000000000e+03 3.999000000000000000e+03 3.751000000000000000e+03 2.875000000000000000e+03 1.970000000000000000e+03 1.401000000000000000e+03 1.025000000000000000e+03 8.910000000000000000e+02 8.800000000000000000e+02
2.781000000000000000e+03 2.848000000000000000e+03 2.824000000000000000e+03 2.908000000000000000e+03 2.830000000000000000e+03 4.213000000000000000e+03 6.704000000000000000e+03 1.206100000000000000e+04 1.385000000000000000e+04 1.470300000000000000e+04 8.529000000000000000e+03 5.088000000000000000e+03 3.407000000000000000e+03 2.936000000000000000e+03 2.858000000000000000e+03 2.791000000000000000e+03
6.777000000000000000e+03 6.590000000000000000e+03 6.578000000000000000e+03 6.624000000000000000e+03 6.711000000000000000e+03 8.355000000000000000e+03 1.183500000000000000e+04 2.057300000000000000e+04 7.158200000000000000e+04 2.352800000000000000e+04 7.742000000000000000e+03 8.501000000000000000e+03 6.525000000000000000e+03 6.546000000000000000e+03 6.654000000000000000e+03 6.781000000000000000e+03
1.725400000000000000e+04 1.717300000000000000e+04 1.728900000000000000e+04 1.734400000000000000e+04 1.725900000000000000e+04 1.724100000000000000e+04 1.732900000000000000e+04 4.104400000000000000e+04 2.271660000000000000e+05 6.078800000000000000e+04 1.721100000000000000e+04 1.751400000000000000e+04 1.728500000000000000e+04 1.727200000000000000e+04 1.749900000000000000e+04 1.722100000000000000e+04
2.130300000000000000e+04 2.166900000000000000e+04 2.134600000000000000e+04 2.156900000000000000e+04 2.139200000000000000e+04 2.156300000000000000e+04 2.177300000000000000e+04 5.044200000000000000e+04 3.208530000000000000e+05 3.448500000000000000e+04 2.160700000000000000e+04 2.140600000000000000e+04 2.159400000000000000e+04 2.151700000000000000e+04 2.138200000000000000e+04 2.148800000000000000e+04
3.311200000000000000e+04 3.274800000000000000e+04 3.301300000000000000e+04 3.274400000000000000e+04 3.297900000000000000e+04 3.291600000000000000e+04 3.336000000000000000e+04 8.966000000000000000e+04 5.005120000000000000e+05 3.770300000000000000e+04 3.311000000000000000e+04 3.284400000000000000e+04 3.312700000000000000e+04 3.302800000000000000e+04 3.299300000000000000e+04 3.311400000000000000e+04
8.392500000000000000e+04 8.378400000000000000e+04 8.388900000000000000e+04 8.374600000000000000e+04 8.403800000000000000e+04 8.449500000000000000e+04 8.423000000000000000e+04 2.959500000000000000e+05 1.215360000000000000e+06 8.401400000000000000e+04 8.383700000000000000e+04 8.342100000000000000e+04 8.345500000000000000e+04 8.417300000000000000e+04 8.364000000000000000e+04 8.440900000000000000e+04
1.843450000000000000e+05 1.847230000000000000e+05 1.841800000000000000e+05 1.842570000000000000e+05 1.847580000000000000e+05 1.848360000000000000e+05 1.851210000000000000e+05 2.770991000000000000e+06 5.478900000000000000e+05 1.847810000000000000e+05 1.846930000000000000e+05 1.848610000000000000e+05 1.842890000000000000e+05 1.847430000000000000e+05 1.844350000000000000e+05 1.849000000000000000e+05
3.462400000000000000e+04 3.484100000000000000e+04 3.466800000000000000e+04 3.483100000000000000e+04 3.465600000000000000e+04 3.518000000000000000e+04 3.820500000000000000e+04 5.259250000000000000e+05 9.724800000000000000e+04 3.475200000000000000e+04 3.494600000000000000e+04 3.479700000000000000e+04 3.441400000000000000e+04 3.504900000000000000e+04 3.504500000000000000e+04 3.469100000000000000e+04
2.061900000000000000e+04 2.068900000000000000e+04 2.041500000000000000e+04 2.065200000000000000e+04 2.072800000000000000e+04 2.064200000000000000e+04 2.886600000000000000e+04 3.102670000000000000e+05 5.228700000000000000e+04 2.061100000000000000e+04 2.063000000000000000e+04 2.070600000000000000e+04 2.061600000000000000e+04 2.077000000000000000e+04 2.051000000000000000e+04 2.076700000000000000e+04
1.673000000000000000e+04 1.655900000000000000e+04 1.658900000000000000e+04 1.664900000000000000e+04 1.666500000000000000e+04 1.637800000000000000e+04 5.462900000000000000e+04 2.219770000000000000e+05 3.776500000000000000e+04 1.689100000000000000e+04 1.637500000000000000e+04 1.665800000000000000e+04 1.639800000000000000e+04 1.646900000000000000e+04 1.635400000000000000e+04 1.668400000000000000e+04
6.881000000000000000e+03 6.832000000000000000e+03 6.838000000000000000e+03 6.866000000000000000e+03 6.824000000000000000e+03 7.435000000000000000e+03 2.354200000000000000e+04 7.719200000000000000e+04 2.620400000000000000e+04 6.624000000000000000e+03 6.831000000000000000e+03 6.818000000000000000e+03 6.644000000000000000e+03 6.696000000000000000e+03 6.847000000000000000e+03 6.702000000000000000e+03
1.696000000000000000e+03 1.755000000000000000e+03 1.683000000000000000e+03 1.976000000000000000e+03 3.074000000000000000e+03 5.039000000000000000e+03 8.102000000000000000e+03 9.286000000000000000e+03 7.117000000000000000e+03 4.187000000000000000e+03 2.644000000000000000e+03 1.813000000000000000e+03 1.715000000000000000e+03 1.715000000000000000e+03 1.667000000000000000e+03 1.672000000000000000e+03
2.510000000000000000e+02 2.290000000000000000e+02 2.890000000000000000e+02 4.020000000000000000e+02 5.760000000000000000e+02 2.900000000000000000e+02 1.097000000000000000e+03 1.181000000000000000e+03 9.310000000000000000e+02 6.730000000000000000e+02 4.640000000000000000e+02 3.300000000000000000e+02 2.580000000000000000e+02 2.330000000000000000e+02 2.290000000000000000e+02 2.360000000000000000e+02
1.170000000000000000e+02 1.140000000000000000e+02 1.410000000000000000e+02 1.920000000000000000e+02 2.660000000000000000e+02 3.590000000000000000e+02 4.430000000000000000e+02 4.400000000000000000e+02 3.710000000000000000e+02 2.740000000000000000e+02 2.010000000000000000e+02 1.610000000000000000e+02 1.270000000000000000e+02 1.110000000000000000e+02 1.030000000000000000e+02 1.360000000000000000e+02
1.150000000000000000e+02 1.460000000000000000e+02 1.830000000000000000e+02 2.420000000000000000e+02 3.220000000000000000e+02 4.080000000000000000e+02 4.560000000000000000e+02 4.560000000000000000e+02 3.930000000000000000e+02 3.160000000000000000e+02 2.520000000000000000e+02 1.930000000000000000e+02 1.480000000000000000e+02 1.240000000000000000e+02 1.310000000000000000e+02 1.310000000000000000e+02
