-3.340600616498396458e-01 -2.778165967576922690e-01 -2.008733516464149549e-01 -2.008671468069180011e-01 -2.063386310246946020e-01 -2.013857132917034609e-01 -2.006594582359131906e-01 -2.005231020839647049e-01 -2.007517131618104800e-01 -2.008929273999925658e-01 -2.007745076823732044e-01 -2.009721544733331089e-01 -2.012621195382708894e-01 -2.014462632484790849e-01 -2.088710160286286477e-01 -2.021075387706397775e-01
-1.619447758040364060e-01 -1.402757783931314894e-01 -1.154998535865062737e-01 -1.082113850256974236e-01 -1.002808451994692956e-01 -1.002436342493139010e-01 -1.001709963087042549e-01 -1.002714766072888980e-01 -9.992397552078013945e-02 -1.008053844347549660e-01 -1.001417599534033254e-01 -1.009343661837159567e-01 -9.980107447511531171e-02 -1.016295890743830060e-01 -1.004378762103656647e-01 -1.007427834189112692e-01
-1.520065754938472580e+01 -6.169709493215142615e+00 -1.015431036880853632e+01 -4.612771143988002365e+00 -4.035022027361397257e+00 -3.992791136711156597e+00 -3.991836848019680861e+00 -3.991936209548459846e+00 -3.991799874478289656e+00 -3.991826266532013001e+00 -3.991858290589630265e+00 -3.991774554411551712e+00 -3.992378769856244958e+00 -3.995546627643457693e+00 -4.326224810828710687e+00 -4.878372804117176997e+00
-1.484787012715556020e-01 -1.216950047777200228e-01 -1.108740554131948386e-01 -1.071355502947016342e-01 -1.074981606508399329e-01 -1.062801661389865537e-01 -1.063376657917569218e-01 -1.066752405664625342e-01 -1.066588630435904156e-01 -1.062916212972789681e-01 -1.064933531190521004e-01 -1.066572833072321896e-01 -1.068895159141601825e-01 -1.072591094218551394e-01 -1.093135140398226457e-01 -1.178776861435747031e-01
-1.854271683250872382e-01 -1.293039191832221768e-01 -1.197614469657707209e-01 -1.117029860115234252e-01 -1.128448993379840282e-01 -1.096482921168522029e-01 -1.095670375968020444e-01 -1.092645614792446818e-01 -1.096365399690587827e-01 -1.096139275479157266e-01 -1.095984364356163143e-01 -1.094910573240591573e-01 -1.092221415066055162e-01 -1.094132730764168782e-01 -1.096805715455557440e-01 -1.101388611790382055e-01
-1.538724374810323814e-01 -1.560966158673304516e-01 -1.137453356544489147e-01 -1.082439867005105111e-01 -1.084279722166038712e-01 -1.076751322105482245e-01 -1.080871694496040314e-01 -1.087138345845895110e-01 -1.077957603487184335e-01 -1.078833085460128849e-01 -1.076217433981839222e-01 -1.077116025112155040e-01 -1.078490718818971572e-01 -1.098205672105260350e-01 -1.084520972646973030e-01 -1.093497117334871621e-01
-1.846845862281548400e-01 -1.490224113366683534e-01 -1.239876982209430906e-01 -1.084324579086565349e-01 -1.091079448994766166e-01 -1.078600140847870009e-01 -1.079312155602569073e-01 -1.079254719444251998e-01 -1.082416246690090372e-01 -1.077625180458570975e-01 -1.076820249555233699e-01 -1.078775040280404024e-01 -1.081158390978731315e-01 -1.085304357788210994e-01 -1.095751876004132652e-01 -1.291518888716449986e-01
-4.618960819720672184e-01 -3.742039769083365108e-01 -2.678402683025817299e-01 -2.605068885369959397e-01 -2.566751479388189594e-01 -2.575408958723907626e-01 -2.566324981492369428e-01 -2.562515531130724611e-01 -2.562139796553943305e-01 -2.564591612770386053e-01 -1.308521608735468078e+00 -2.575542704745920064e-01 -2.562956275882611878e-01 -2.567251393926056058e-01 -2.611018593982637470e-01 -2.597996094684790203e-01
-4.570962411432648587e-01 -3.537574696546044173e-01 -2.607775602966957984e-01 -2.331783234211294853e-01 -2.309845298034084449e-01 -2.281545809992793217e-01 -2.285193961333192303e-01 -2.284714979238637589e-01 -2.283289020624059973e-01 -2.283538636221196794e-01 -2.281194336058305627e-01 -2.284853782074647011e-01 -2.283734674551928245e-01 -2.296797276990802383e-01 -2.296053478200445752e-01 -3.145983423489948083e-01
-6.724457024766780089e-01 -5.514870275964338653e-01 -4.311519320108174180e-01 -4.829013873045157723e+00 -3.498655647331639362e-01 -3.504076281593317410e-01 -3.500291229017526429e-01 -3.499371883428440411e-01 -3.499044713319217625e-01 -3.500998921891325666e-01 -3.501567125346298770e-01 -3.503779541258079111e-01 -3.504192901055042664e-01 -3.518202798151316979e-01 -3.668701881552886568e-01 -4.188889935668709819e-01
-5.283588344963648931e-01 -4.167876904985927111e-01 -3.636464698847253207e-01 -3.152741785414487907e-01 -3.014845819187614850e-01 -3.021043951090933155e-01 -3.014696778779729081e-01 -3.012831411300213036e-01 -3.015185352309112665e-01 -3.013371571166185703e-01 -3.017612188071334134e-01 -3.015975743390559294e-01 -3.016487593491726238e-01 -3.019858702922335603e-01 -3.038579252935371677e-01 -3.915646118570927925e-01
-1.461406252548628215e+00 -1.182196614026314929e+00 -9.356642308720644063e-01 -7.440175484644633297e-01 -6.707487229831678999e-01 -6.709538286106705440e-01 -6.707426520172895534e-01 -6.704612790391522026e-01 -6.704523253742964428e-01 -6.705720656310900640e-01 -6.707141193324862583e-01 -6.704697145651984380e-01 -6.709211366669446397e-01 -6.743054997058746114e-01 -7.911863040592436169e-01 -1.024190160517999049e+00
-1.072483924253609899e+01 -3.390062763396579637e+00 -2.596899615240339632e+00 -2.044754152537110237e+00 -3.307286368128881549e+00 -1.415642458368551182e+00 -1.415429350675512676e+00 -1.415469554262398733e+00 -1.415393688823442186e+00 -1.415441665082971312e+00 -1.415514847006004384e+00 -1.415505493112663160e+00 -1.468908128329919460e+00 -1.825679276440916210e+00 -5.988750217316768598e+00 -7.902977393746835055e+00
-8.368811423394577176e+00 -9.710092956488947991e+00 -7.500934967486289295e+00 -5.482876773203438248e+00 -3.885412951936950243e+00 -2.074880671726449410e+00 -1.608669335196981187e+00 -1.569242546618477618e+00 -1.568977142180002726e+00 -1.569041347263639530e+00 -1.599689536473148266e+00 -1.957903147771986152e+00 -3.664322647151059709e+00 -5.305225782397156031e+00 -7.336671585140502216e+00 -6.517137905751673621e+00
-1.548900495419531609e+01 -1.219872006610410331e+01 -9.294769998400969513e+00 -6.771825263685134821e+00 -4.729765197220022088e+00 -3.059554321032262436e+00 -1.931922598734286067e+00 -1.448321575825845642e+00 -1.419837515866019917e+00 -1.469571287370230905e+00 -2.027784555852346404e+00 -3.231571196863380901e+00 -4.880640035391929032e+00 -7.019239142316981095e+00 -9.643172745715050453e+00 -1.269183324103300414e+01
-1.612128589700158088e+01 -1.229784855510708752e+01 -8.718540874656074635e+00 -6.678991810351893932e+00 -4.527052230319839943e+00 -2.916364214859423321e+00 -1.768630138178039823e+00 -1.303846300672231395e+00 -1.272627028158039186e+00 -1.387884752843668634e+00 -2.135622145248436077e+00 -3.430735371040675830e+00 -5.454839353903254029e+00 -7.670834340998042400e+00 -1.024126694567876150e+01 -1.347179984329289759e+01
-1.615852465077360378e+01 -1.249366662368233527e+01 -9.290203473291700931e+00 -6.596148900503031598e+00 -4.510060593347340330e+00 -2.833798972854225440e+00 -1.741032469380839443e+00 -1.214605203262807187e+00 -1.192187470101262692e+00 -1.464258869799907492e+00 -2.377577471378023333e+00 -3.809714302541910680e+00 -5.699532294338242266e+00 -8.237075578653168861e+00 -1.118297453848561318e+01 -1.461301005579889889e+01
-1.592843268187347761e+01 -1.229273230183782140e+01 -9.095537786130082125e+00 -6.477362900417524827e+00 -4.348420973316681426e+00 -2.771173027651362641e+00 -1.707530671504004838e+00 -1.177580995948856124e+00 -1.170245771674913282e+00 -1.630142797331120441e+00 -2.638146133283505446e+00 -4.148605647367419103e+00 -6.231461806174953821e+00 -8.771320813445578679e+00 -1.192591519947061052e+01 -1.548824318793067967e+01
-1.558694902936905535e+01 -1.199832506194125337e+01 -8.833877614587555271e+00 -6.274562364830432060e+00 -4.187856359988916033e+00 -2.665129707303309115e+00 -1.643756764029127293e+00 -1.171280317933048210e+00 -1.174177473996500520e+00 -1.695175074454966957e+00 -2.740989129672916302e+00 -4.315356573162001830e+00 -6.418712068323016773e+00 -9.058198632777491710e+00 -1.219083997767298655e+01 -1.585277855872205244e+01
-1.478439070895257146e+01 -1.123783868935890418e+01 -8.269951432852982620e+00 -5.823243455374370825e+00 -3.839597118522596997e+00 -2.399163549996973011e+00 -1.476124357381145114e+00 -1.185256074150462968e+00 -1.205220684574690004e+00 -1.715313283187265503e+00 -2.830261499597130026e+00 -4.476107878605823487e+00 -6.598840479297047423e+00 -9.351141153372346082e+00 -1.248071546529385145e+01 -1.621788204261970989e+01
-1.352048025055773017e+01 -1.028026309281177042e+01 -7.475549609843604948e+00 -5.370090073774386852e+00 -3.426834453631717903e+00 -2.120674725775659741e+00 -1.366008459852459112e+00 -1.258469149785419683e+00 -1.277699060361297656e+00 -1.746179752495459869e+00 -2.839464346543453921e+00 -4.449753613310420519e+00 -6.750598825350641263e+00 -9.111155305335085330e+00 -1.269987539820307987e+01 -1.535862943759352284e+01
-1.275245367184506762e+01 -9.628121145651704182e+00 -7.022466717754729082e+00 -4.888221875978393527e+00 -3.218774991307271183e+00 -1.993875607419420160e+00 -1.436460351357722764e+00 -1.383841399543580764e+00 -1.409699611110556194e+00 -1.858381515710749055e+00 -2.964698883382168138e+00 -4.813296892005818783e+00 -6.656426118561010519e+00 -9.608424494673570848e+00 -1.192226975761198382e+01 -1.508172755575699497e+01
-1.177616665811383356e+01 -5.203171523777181839e+00 -5.535495695859481202e+00 -4.652410171120158644e+00 -2.472401554002868096e+00 -1.552121790007132018e+00 -1.514174600888181565e+00 -1.514127705783347544e+00 -1.514179835377042815e+00 -1.746037314340342483e+00 -2.899851597386049473e+00 -3.846495635640384325e+00 -5.505548399234269752e+00 -5.137946920020911357e+00 -6.639632557410893199e+00 -8.374325280998675680e+00
-2.125066705857731275e+00 -5.660926022942579294e+00 -1.174671937735761729e+00 -9.585296130317927377e-01 -9.572716162496044401e-01 -9.567465122404800182e-01 -9.568434231437250581e-01 -9.567617325548504192e-01 -9.568786805869261558e-01 -9.572311608672822159e-01 -9.569924067961965708e-01 -9.875079243665366713e-01 -1.303604823199582041e+00 -1.676462371080406966e+00 -2.148834291498130877e+00 -1.001768876726038648e+01
-3.378494818405902711e-01 -2.358052503435721092e-01 -2.193849120137145448e-01 -2.175529993082731539e-01 -2.157124409952315691e-01 -9.129565293875704368e-01 -2.159678628975759962e-01 -2.158164822610177114e-01 -2.159048971171816100e-01 -2.160183539585732726e-01 -2.157390727347275605e-01 -2.160933021922068487e-01 -2.162379047357619044e-01 -2.633562348540468556e-01 -3.245572003722694276e-01 -4.262154674718008907e-01
-1.585340447405379771e-01 -1.188178873298905980e-01 -1.098514132972903262e-01 -1.090241187845528426e-01 -1.080968257887576500e-01 -1.083917985410235013e-01 -1.080537048091712721e-01 -1.080473684852783639e-01 -1.082188476840935665e-01 -1.081915715023726993e-01 -1.088851217044748687e-01 -1.083192107308657698e-01 -1.173886509493242969e-01 -1.291592920862796867e-01 -1.555070499471438161e-01 -2.580714805215304497e-01
-1.557784378876752029e-01 -1.538094008737645457e-01 -1.469665309466977321e-01 -1.456574140160552533e-01 -1.454603122987730979e-01 -1.454007163938433322e-01 -1.457160176846930832e-01 -1.457208941018401926e-01 -1.454006196706494336e-01 -1.454772784632210880e-01 -1.464500802833596516e-01 -1.480305118511549278e-01 -1.467696279798096082e-01 -1.590068040228721502e-01 -2.152939285244662437e-01 -2.702329691056913341e-01
