3.331000000000000000e+03 3.331000000000000000e+03 3.348000000000000000e+03 3.324000000000000000e+03 3.285000000000000000e+03 3.249000000000000000e+03 3.203000000000000000e+03 3.152000000000000000e+03 3.129000000000000000e+03 3.120000000000000000e+03 3.140000000000000000e+03 3.173000000000000000e+03 3.215000000000000000e+03 3.253000000000000000e+03 3.284000000000000000e+03 3.319000000000000000e+03
1.869000000000000000e+03 1.866000000000000000e+03 1.865000000000000000e+03 1.854000000000000000e+03 1.840000000000000000e+03 1.816000000000000000e+03 1.787000000000000000e+03 1.766000000000000000e+03 1.748000000000000000e+03 1.737000000000000000e+03 1.755000000000000000e+03 1.774000000000000000e+03 1.801000000000000000e+03 1.824000000000000000e+03 1.846000000000000000e+03 1.863000000000000000e+03
1.375100000000000000e+05 1.376580000000000000e+05 1.376550000000000000e+05 1.371170000000000000e+05 1.365530000000000000e+05 1.348530000000000000e+05 1.318360000000000000e+05 1.290270000000000000e+05 1.240310000000000000e+05 1.240830000000000000e+05 1.316430000000000000e+05 1.294680000000000000e+05 1.325550000000000000e+05 1.345400000000000000e+05 1.358620000000000000e+05 1.365250000000000000e+05
2.166000000000000000e+03 2.166000000000000000e+03 2.158000000000000000e+03 2.142000000000000000e+03 2.119000000000000000e+03 2.089000000000000000e+03 2.063000000000000000e+03 2.027000000000000000e+03 1.999000000000000000e+03 1.999000000000000000e+03 2.012000000000000000e+03 2.041000000000000000e+03 2.075000000000000000e+03 2.106000000000000000e+03 2.130000000000000000e+03 2.144000000000000000e+03
2.341000000000000000e+03 2.353000000000000000e+03 2.342000000000000000e+03 2.327000000000000000e+03 2.301000000000000000e+03 2.268000000000000000e+03 2.242000000000000000e+03 2.198000000000000000e+03 2.176000000000000000e+03 2.167000000000000000e+03 2.181000000000000000e+03 2.220000000000000000e+03 2.258000000000000000e+03 2.294000000000000000e+03 2.321000000000000000e+03 2.342000000000000000e+03
2.435000000000000000e+03 2.418000000000000000e+03 2.425000000000000000e+03 2.410000000000000000e+03 2.381000000000000000e+03 2.357000000000000000e+03 2.313000000000000000e+03 2.268000000000000000e+03 2.242000000000000000e+03 2.230000000000000000e+03 2.253000000000000000e+03 2.293000000000000000e+03 2.337000000000000000e+03 2.372000000000000000e+03 2.403000000000000000e+03 2.424000000000000000e+03
2.587000000000000000e+03 2.587000000000000000e+03 2.583000000000000000e+03 2.573000000000000000e+03 2.544000000000000000e+03 2.515000000000000000e+03 2.466000000000000000e+03 2.426000000000000000e+03 2.387000000000000000e+03 2.374000000000000000e+03 2.405000000000000000e+03 2.449000000000000000e+03 2.500000000000000000e+03 2.539000000000000000e+03 2.569000000000000000e+03 2.577000000000000000e+03
6.272000000000000000e+03 6.270000000000000000e+03 6.293000000000000000e+03 6.240000000000000000e+03 6.181000000000000000e+03 6.073000000000000000e+03 5.955000000000000000e+03 5.807000000000000000e+03 5.680000000000000000e+03 5.666000000000000000e+03 6.295000000000000000e+03 5.908000000000000000e+03 6.053000000000000000e+03 6.165000000000000000e+03 6.240000000000000000e+03 6.298000000000000000e+03
6.493000000000000000e+03 6.504000000000000000e+03 6.517000000000000000e+03 6.484000000000000000e+03 6.425000000000000000e+03 6.326000000000000000e+03 6.213000000000000000e+03 6.063000000000000000e+03 5.939000000000000000e+03 5.933000000000000000e+03 6.021000000000000000e+03 6.184000000000000000e+03 6.319000000000000000e+03 6.421000000000000000e+03 6.495000000000000000e+03 6.479000000000000000e+03
1.107200000000000000e+04 1.107700000000000000e+04 1.107200000000000000e+04 1.105400000000000000e+04 1.094500000000000000e+04 1.079700000000000000e+04 1.056100000000000000e+04 1.028100000000000000e+04 1.006000000000000000e+04 9.993000000000000000e+03 1.025200000000000000e+04 1.054500000000000000e+04 1.079800000000000000e+04 1.096500000000000000e+04 1.107000000000000000e+04 1.110400000000000000e+04
1.053500000000000000e+04 1.054200000000000000e+04 1.052100000000000000e+04 1.046600000000000000e+04 1.037800000000000000e+04 1.023700000000000000e+04 1.003700000000000000e+04 9.783000000000000000e+03 9.554000000000000000e+03 9.553000000000000000e+03 9.790000000000000000e+03 1.005500000000000000e+04 1.026300000000000000e+04 1.041300000000000000e+04 1.052400000000000000e+04 1.052000000000000000e+04
2.757700000000000000e+04 2.757300000000000000e+04 2.757200000000000000e+04 2.751000000000000000e+04 2.733400000000000000e+04 2.691200000000000000e+04 2.627100000000000000e+04 2.540400000000000000e+04 2.448100000000000000e+04 2.472900000000000000e+04 2.560500000000000000e+04 2.651000000000000000e+04 2.707900000000000000e+04 2.745500000000000000e+04 2.758900000000000000e+04 2.760000000000000000e+04
8.855100000000000000e+04 8.848400000000000000e+04 8.850800000000000000e+04 8.842400000000000000e+04 8.850200000000000000e+04 8.711900000000000000e+04 8.462800000000000000e+04 7.927100000000000000e+04 7.748200000000000000e+04 7.662900000000000000e+04 8.280300000000000000e+04 8.624400000000000000e+04 8.792500000000000000e+04 8.839600000000000000e+04 8.847400000000000000e+04 8.854100000000000000e+04
2.051260000000000000e+05 2.053130000000000000e+05 2.053250000000000000e+05 2.052790000000000000e+05 2.051920000000000000e+05 2.035480000000000000e+05 2.000680000000000000e+05 1.913300000000000000e+05 1.403210000000000000e+05 1.883750000000000000e+05 2.041610000000000000e+05 2.034020000000000000e+05 2.053780000000000000e+05 2.053570000000000000e+05 2.052490000000000000e+05 2.051220000000000000e+05
5.366360000000000000e+05 5.367170000000000000e+05 5.366010000000000000e+05 5.365460000000000000e+05 5.366310000000000000e+05 5.366490000000000000e+05 5.365610000000000000e+05 5.128460000000000000e+05 3.267240000000000000e+05 4.931020000000000000e+05 5.366790000000000000e+05 5.363760000000000000e+05 5.366050000000000000e+05 5.366180000000000000e+05 5.363910000000000000e+05 5.366690000000000000e+05
6.640870000000000000e+05 6.637210000000000000e+05 6.640440000000000000e+05 6.638210000000000000e+05 6.639980000000000000e+05 6.638270000000000000e+05 6.636170000000000000e+05 6.349480000000000000e+05 3.645370000000000000e+05 6.509050000000000000e+05 6.637830000000000000e+05 6.639840000000000000e+05 6.637960000000000000e+05 6.638730000000000000e+05 6.640080000000000000e+05 6.639020000000000000e+05
1.023852000000000000e+06 1.024216000000000000e+06 1.023951000000000000e+06 1.024220000000000000e+06 1.023985000000000000e+06 1.024048000000000000e+06 1.023604000000000000e+06 9.673040000000000000e+05 5.564520000000000000e+05 1.019261000000000000e+06 1.023854000000000000e+06 1.024120000000000000e+06 1.023837000000000000e+06 1.023936000000000000e+06 1.023971000000000000e+06 1.023850000000000000e+06
2.602442000000000000e+06 2.602583000000000000e+06 2.602478000000000000e+06 2.602621000000000000e+06 2.602329000000000000e+06 2.601872000000000000e+06 2.602137000000000000e+06 2.390417000000000000e+06 1.471007000000000000e+06 2.602353000000000000e+06 2.602530000000000000e+06 2.602946000000000000e+06 2.602912000000000000e+06 2.602194000000000000e+06 2.602727000000000000e+06 2.601958000000000000e+06
5.719459000000000000e+06 5.719081000000000000e+06 5.719624000000000000e+06 5.719547000000000000e+06 5.719046000000000000e+06 5.718968000000000000e+06 5.718683000000000000e+06 3.132813000000000000e+06 5.355914000000000000e+06 5.719023000000000000e+06 5.719111000000000000e+06 5.718943000000000000e+06 5.719515000000000000e+06 5.719061000000000000e+06 5.719369000000000000e+06 5.718904000000000000e+06
1.079249000000000000e+06 1.079032000000000000e+06 1.079205000000000000e+06 1.079042000000000000e+06 1.079217000000000000e+06 1.078693000000000000e+06 1.075668000000000000e+06 5.879480000000000000e+05 1.016625000000000000e+06 1.079121000000000000e+06 1.078927000000000000e+06 1.079076000000000000e+06 1.079459000000000000e+06 1.078824000000000000e+06 1.078828000000000000e+06 1.079182000000000000e+06
6.391570000000000000e+05 6.390870000000000000e+05 6.393610000000000000e+05 6.391240000000000000e+05 6.390480000000000000e+05 6.391340000000000000e+05 6.309100000000000000e+05 3.495090000000000000e+05 6.074890000000000000e+05 6.391650000000000000e+05 6.391460000000000000e+05 6.390700000000000000e+05 6.391600000000000000e+05 6.390060000000000000e+05 6.392660000000000000e+05 6.390090000000000000e+05
5.130410000000000000e+05 5.132120000000000000e+05 5.131820000000000000e+05 5.131220000000000000e+05 5.131060000000000000e+05 5.133930000000000000e+05 4.751420000000000000e+05 3.077940000000000000e+05 4.920060000000000000e+05 5.128800000000000000e+05 5.133960000000000000e+05 5.131130000000000000e+05 5.133730000000000000e+05 5.133020000000000000e+05 5.134170000000000000e+05 5.130870000000000000e+05
2.088960000000000000e+05 2.089450000000000000e+05 2.089390000000000000e+05 2.089110000000000000e+05 2.089530000000000000e+05 2.083420000000000000e+05 1.922350000000000000e+05 1.385850000000000000e+05 1.895730000000000000e+05 2.091530000000000000e+05 2.089460000000000000e+05 2.089590000000000000e+05 2.091330000000000000e+05 2.090810000000000000e+05 2.089300000000000000e+05 2.090750000000000000e+05
5.344600000000000000e+04 5.338700000000000000e+04 5.345900000000000000e+04 5.316600000000000000e+04 5.206800000000000000e+04 5.010300000000000000e+04 4.704000000000000000e+04 4.585600000000000000e+04 4.802500000000000000e+04 5.095500000000000000e+04 5.249800000000000000e+04 5.332900000000000000e+04 5.342700000000000000e+04 5.342700000000000000e+04 5.347500000000000000e+04 5.347000000000000000e+04
7.419000000000000000e+03 7.441000000000000000e+03 7.381000000000000000e+03 7.268000000000000000e+03 7.094000000000000000e+03 7.380000000000000000e+03 6.573000000000000000e+03 6.489000000000000000e+03 6.739000000000000000e+03 6.997000000000000000e+03 7.206000000000000000e+03 7.340000000000000000e+03 7.412000000000000000e+03 7.437000000000000000e+03 7.441000000000000000e+03 7.434000000000000000e+03
3.440000000000000000e+03 3.443000000000000000e+03 3.416000000000000000e+03 3.365000000000000000e+03 3.291000000000000000e+03 3.198000000000000000e+03 3.114000000000000000e+03 3.117000000000000000e+03 3.186000000000000000e+03 3.283000000000000000e+03 3.356000000000000000e+03 3.396000000000000000e+03 3.430000000000000000e+03 3.446000000000000000e+03 3.454000000000000000e+03 3.421000000000000000e+03
3.902000000000000000e+03 3.871000000000000000e+03 3.834000000000000000e+03 3.775000000000000000e+03 3.695000000000000000e+03 3.609000000000000000e+03 3.561000000000000000e+03 3.561000000000000000e+03 3.624000000000000000e+03 3.701000000000000000e+03 3.765000000000000000e+03 3.824000000000000000e+03 3.869000000000000000e+03 3.893000000000000000e+03 3.886000000000000000e+03 3.886000000000000000e+03
