3.000000000000000000e+00 6.000000000000000000e+00
5.907628059387207031e+00 7.085177421569824219e+00
5.363253593444824219e+00 7.305917739868164062e+00
5.228103160858154297e+00 7.242504596710205078e+00
5.230830192565917969e+00 7.172406673431396484e+00
5.223339080810546875e+00 7.149752616882324219e+00
5.217388629913330078e+00 7.142597198486328125e+00
5.213530540466308594e+00 7.140617847442626953e+00
5.211314201354980469e+00 7.140413761138916016e+00
5.210117816925048828e+00 7.140823364257812500e+00
5.209652423858642578e+00 7.141423702239990234e+00
5.209740638732910156e+00 7.141922950744628906e+00
5.210209846496582031e+00 7.142184734344482422e+00
5.210972309112548828e+00 7.142182826995849609e+00
5.212043762207031250e+00 7.142154216766357422e+00
5.213462352752685547e+00 7.142172336578369141e+00
5.215234756469726562e+00 7.142383098602294922e+00
5.217341899871826172e+00 7.142698764801025391e+00
5.219741821289062500e+00 7.143071651458740234e+00
5.222334384918212891e+00 7.143373966217041016e+00
5.224855899810791016e+00 7.143394947052001953e+00
5.227330207824707031e+00 7.143124103546142578e+00
5.229820728302001953e+00 7.142863273620605469e+00
5.232388019561767578e+00 7.142717361450195312e+00
5.235076904296875000e+00 7.142800807952880859e+00
5.237825870513916016e+00 7.143071651458740234e+00
5.240668773651123047e+00 7.143480777740478516e+00
5.242960929870605469e+00 7.144209861755371094e+00
5.243920803070068359e+00 7.145404338836669922e+00
5.242955684661865234e+00 7.147141456604003906e+00
5.240471839904785156e+00 7.149140834808349609e+00
