3.000000000000000000e+00 6.000000000000000000e+00
6.007890224456787109e+00 8.019224166870117188e+00
5.444547176361083984e+00 7.151865482330322266e+00
5.053961753845214844e+00 6.957838535308837891e+00
4.987347126007080078e+00 6.999628543853759766e+00
5.017910003662109375e+00 7.003623962402343750e+00
5.004763126373291016e+00 7.004202842712402344e+00
5.009777069091796875e+00 7.006134033203125000e+00
5.006523132324218750e+00 7.004644393920898438e+00
5.005814075469970703e+00 7.002995967864990234e+00
5.003290653228759766e+00 7.000971317291259766e+00
5.001210212707519531e+00 6.998235702514648438e+00
4.998857975006103516e+00 6.995445728302001953e+00
4.997384548187255859e+00 6.992666244506835938e+00
4.996140003204345703e+00 6.989850521087646484e+00
4.995376586914062500e+00 6.987986564636230469e+00
4.995047092437744141e+00 6.987518310546875000e+00
4.995672702789306641e+00 6.987432956695556641e+00
4.996467590332031250e+00 6.987936496734619141e+00
4.997882366180419922e+00 6.988411426544189453e+00
4.999240875244140625e+00 6.988590240478515625e+00
5.000814914703369141e+00 6.987963199615478516e+00
5.001942157745361328e+00 6.987380027770996094e+00
5.002838134765625000e+00 6.987537384033203125e+00
5.002939224243164062e+00 6.988504886627197266e+00
5.002697467803955078e+00 6.990476608276367188e+00
5.002307891845703125e+00 6.992654323577880859e+00
5.001938819885253906e+00 6.994494915008544922e+00
5.001698017120361328e+00 6.995474338531494141e+00
5.002067089080810547e+00 6.994975566864013672e+00
5.002332210540771484e+00 6.993701457977294922e+00
