3.000000000000000000e+00 6.000000000000000000e+00
6.850852489471435547e+00 7.999928474426269531e+00
5.091650962829589844e+00 7.526942253112792969e+00
5.045742034912109375e+00 6.655000209808349609e+00
4.988556861877441406e+00 7.083597183227539062e+00
5.044237136840820312e+00 6.957950115203857422e+00
4.999334812164306641e+00 6.918567180633544922e+00
5.022262573242187500e+00 7.134182453155517578e+00
5.035259723663330078e+00 6.830593585968017578e+00
4.996407985687255859e+00 7.081904888153076172e+00
5.044018745422363281e+00 6.909696102142333984e+00
4.997792243957519531e+00 6.953105926513671875e+00
5.030500411987304688e+00 7.077982902526855469e+00
5.027894973754882812e+00 6.836731433868408203e+00
5.004773139953613281e+00 7.073369979858398438e+00
5.041791439056396484e+00 6.869368553161621094e+00
4.998357772827148438e+00 6.972246646881103516e+00
5.034881114959716797e+00 7.005316257476806641e+00
5.018596172332763672e+00 6.843995571136474609e+00
5.010469913482666016e+00 7.068137645721435547e+00
5.032807826995849609e+00 6.822665691375732422e+00
4.985256195068359375e+00 7.030213356018066406e+00
5.031217098236083984e+00 6.943259239196777344e+00
4.992661952972412109e+00 6.872836589813232422e+00
5.006411552429199219e+00 7.145690441131591797e+00
5.028578758239746094e+00 6.735513687133789062e+00
4.970592021942138672e+00 7.190187454223632812e+00
5.053213119506835938e+00 6.798938274383544922e+00
4.962436199188232422e+00 7.043784141540527344e+00
5.044137477874755859e+00 7.075026988983154297e+00
5.001642704010009766e+00 6.758342742919921875e+00
