1.332999999999999963e+00 4.000000000000000000e+00
3.541410520053744904e+00 4.601562957652406638e+00
3.588671286913065028e+00 4.789437093948361479e+00
3.592988038515294136e+00 4.630271294770694546e+00
3.572675458970825613e+00 4.671837838189961012e+00
3.592706515001805823e+00 4.656856420136189278e+00
3.582109767636474817e+00 4.636788340038564549e+00
3.582810938193643491e+00 4.690630137645430686e+00
3.595642856159662060e+00 4.628861966031982966e+00
3.579256635523668351e+00 4.670555335906446892e+00
3.599082824421919291e+00 4.641638125198715770e+00
3.586150720851101870e+00 4.638825342300568089e+00
3.592581983789044475e+00 4.674843644332654868e+00
3.599707815193257332e+00 4.622044410809579951e+00
3.588478902086160272e+00 4.664246518250730666e+00
3.606374021844930944e+00 4.626045595271459199e+00
3.592878366216193609e+00 4.636025309652010762e+00
3.603461161934581547e+00 4.651449389292832137e+00
3.604826526138978693e+00 4.611390406597886127e+00
3.597337532417138828e+00 4.656825650356501534e+00
3.609990658184793588e+00 4.607925055757841726e+00
3.587818916912984601e+00 4.643516496439508145e+00
3.600197887747740744e+00 4.636894456888503768e+00
3.589066548286294456e+00 4.612077583087870636e+00
3.581894238092853566e+00 4.680530042171062277e+00
3.598489181896524336e+00 4.594719680818835528e+00
3.566916720110580030e+00 4.684388172249700055e+00
3.600805746249676531e+00 4.615914676395559191e+00
3.566560826705278409e+00 4.651983282071912917e+00
3.587306346644243860e+00 4.681175777558460815e+00
3.583876513277914455e+00 4.601940865049996887e+00
