1.000000000000000000e+00
1.033333333333333215e+01
1.007275350193653018e+01
1.033333333333333215e+01
1.033333333333333215e+01
1.000434601200612938e+01
9.963007718307942184e+00
9.965679373856081824e+00
9.965506798405263211e+00
9.965517948524553304e+00
9.965517186723655385e+00
9.965517243764216104e+00
9.965517235191573064e+00
9.965517245732465668e+00
9.965517236348512498e+00
9.965517246129849127e+00
9.965517236513807831e+00
9.965517246200738199e+00
9.965517236538499191e+00
9.965517246213792646e+00
9.965517236541149515e+00
9.965517246217514113e+00
9.965517236540446078e+00
9.965517246218606573e+00
9.965517236539996659e+00
9.965517246219603109e+00
9.965517236538829593e+00
9.965517246219530278e+00
9.965517236539019663e+00
9.965517246219802061e+00
9.965517236539092494e+00
9.965517246219478764e+00
9.965517236539133350e+00
9.965517246218999148e+00
9.965517236539580992e+00
9.965517246218325909e+00
9.965517236540069490e+00
9.965517246218135838e+00
9.965517236540959445e+00
9.965517246217327596e+00
9.965517236541613144e+00
9.965517246216572644e+00
9.965517236542705604e+00
9.965517246215819469e+00
9.965517236543634638e+00
9.965517246214751879e+00
9.965517236544185309e+00
9.965517246213655866e+00
9.965517236545220925e+00
9.965517246212755254e+00
9.965517236546711288e+00
9.965517246211778257e+00
9.965517236547849933e+00
9.965517246210746194e+00
9.965517236548926405e+00
9.965517246209413926e+00
9.965517236549738200e+00
9.965517246208239754e+00
9.965517236550766711e+00
9.965517246206763602e+00
9.965517236552221547e+00
9.965517246205607194e+00
9.965517236553466773e+00
9.965517246204333546e+00
9.965517236554731539e+00
9.965517246202939106e+00
9.965517236556221903e+00
9.965517246201796908e+00
9.965517236557552394e+00
9.965517246200509049e+00
9.965517236558381953e+00
9.965517246199087964e+00
9.965517236560001990e+00
9.965517246197865830e+00
9.965517236561327152e+00
9.965517246196485601e+00
9.965517236562725145e+00
9.965517246195281231e+00
9.965517236564195969e+00
9.965517246193748235e+00
9.965517236565267112e+00
9.965517246192378664e+00
9.965517236566903136e+00
9.965517246191149425e+00
9.965517236568159021e+00
9.965517246189449452e+00
9.965517236569516157e+00
9.965517246188033695e+00
9.965517236571114879e+00
9.965517246187022948e+00
9.965517236572512871e+00
9.965517246185410016e+00
9.965517236573877113e+00
9.965517246184049327e+00
9.965517236575202276e+00
9.965517246182658440e+00
9.965517236576626914e+00
9.965517246181232025e+00
9.965517236578023130e+00
9.965517246179642186e+00
9.965517236579522375e+00
