5.000000000000000000e-01
3.069798169124143605e+00
4.152735969979271857e+00
4.711078157092110530e+00
4.961957493568144528e+00
4.984103008049316053e+00
4.982671764005670134e+00
4.982764215140036868e+00
4.982758241861845683e+00
4.982758649969469822e+00
4.982758619412026135e+00
4.982758624004513415e+00
4.982758618357607361e+00
4.982758623384724750e+00
4.982758618144722540e+00
4.982758623296173361e+00
4.982758618106746695e+00
4.982758623282945720e+00
4.982758618099753178e+00
4.982758623281526411e+00
4.982758618097759218e+00
4.982758623281902999e+00
4.982758618097173908e+00
4.982758623282143695e+00
4.982758618096640113e+00
4.982758623282768973e+00
4.982758618096679193e+00
4.982758623282666832e+00
4.982758618096533532e+00
1.982758623282628641e+00
3.368930482628483603e+00
4.003894375591174004e+00
4.644199338730870430e+00
4.931906906911486921e+00
4.986045185787118861e+00
4.982546248220326213e+00
4.982772321638695878e+00
4.982757701181524723e+00
4.982758687116277230e+00
4.982758601880624028e+00
4.982758622051559172e+00
4.982758617411204405e+00
4.982758623036707135e+00
4.982758617993287231e+00
4.982758623237709905e+00
4.982758618081966517e+00
4.982758623272503407e+00
4.982758618097251180e+00
4.982758623277808496e+00
4.982758618100315395e+00
4.982758623278388477e+00
4.982758618101329695e+00
4.982758623277967480e+00
4.982758618102033132e+00
4.982758623277250720e+00
4.982758618102344883e+00
4.982758623276621002e+00
4.982758618103014570e+00
4.982758623275826082e+00
1.982758618103679815e+00
3.368930480258308435e+00
4.003894372089955134e+00
4.644199337157836283e+00
4.931906906199962748e+00
4.986045185816364800e+00
4.982546253651372936e+00
4.982772316309908689e+00
4.982757700941191636e+00
4.982758687194549729e+00
4.982758602012723692e+00
4.982758622041076002e+00
4.982758617416793712e+00
4.982758623024503564e+00
4.982758618001255968e+00
4.982758623226997585e+00
4.982758618091335912e+00
4.982758623262122377e+00
4.982758618107043347e+00
4.982758623267668163e+00
4.982758618110402438e+00
4.982758623267963038e+00
4.982758618111535753e+00
4.982758623267387499e+00
4.982758618112291593e+00
4.982758623266556164e+00
4.982758618113017235e+00
4.982758623265797659e+00
4.982758618113795279e+00
4.982758623265256759e+00
1.982758618114619509e+00
3.368930480255311277e+00
4.003894372085533782e+00
4.644199337155896501e+00
4.931906906198130436e+00
4.986045185807016722e+00
4.982546253959034388e+00
4.982772308170283715e+00
4.982757701156225849e+00
4.982758687149718924e+00
4.982758615886281994e+00
4.982758622658371550e+00
