5.000000000000000000e-01
3.069798169124143605e+00
4.152735969979271857e+00
4.711078157092110530e+00
4.961957493568144528e+00
4.984103008049316053e+00
4.982671764005670134e+00
4.982764215140036868e+00
4.982758241861845683e+00
4.982758649969469822e+00
4.982758619412026135e+00
4.982758624004513415e+00
4.982758618357607361e+00
4.982758623384724750e+00
4.982758618144722540e+00
4.982758623296173361e+00
4.982758618106746695e+00
4.982758623282945720e+00
4.982758618099753178e+00
4.982758623281526411e+00
4.982758618097759218e+00
4.982758623281902999e+00
4.982758618097173908e+00
4.982758623282143695e+00
4.982758618096640113e+00
4.982758623282768973e+00
4.982758618096679193e+00
4.982758623282666832e+00
4.982758618096533532e+00
4.982758623282628641e+00
4.982758618096706726e+00
4.982758623282606436e+00
4.982758618096964298e+00
4.982758623282366628e+00
4.982758618097324899e+00
4.982758623282104615e+00
4.982758618097426151e+00
4.982758623281627663e+00
4.982758618097859582e+00
4.982758623281277721e+00
4.982758618098263703e+00
4.982758623280692412e+00
4.982758618098667824e+00
4.982758623280195032e+00
4.982758618099238923e+00
4.982758623279900156e+00
4.982758618099826009e+00
4.982758623279345045e+00
4.982758618100309178e+00
4.982758623278546573e+00
4.982758618100832315e+00
4.982758623277936394e+00
4.982758618101384762e+00
4.982758623277359966e+00
4.982758618102098858e+00
4.982758623276925647e+00
4.982758618102727688e+00
4.982758623276374088e+00
4.982758618103519055e+00
4.982758623275595156e+00
4.982758618104138115e+00
4.982758623274928134e+00
4.982758618104820236e+00
4.982758623274250454e+00
4.982758618105567194e+00
4.982758623273451981e+00
4.982758618106179149e+00
4.982758623272738774e+00
4.982758618106869264e+00
4.982758623272294685e+00
4.982758618107630433e+00
4.982758623271426934e+00
4.982758618108285020e+00
4.982758623270717280e+00
4.982758618109024873e+00
4.982758623269967657e+00
4.982758618109669690e+00
4.982758623269179843e+00
4.982758618110491255e+00
4.982758623268606080e+00
4.982758618111224891e+00
4.982758623267729448e+00
4.982758618111883919e+00
4.982758623267057096e+00
4.982758618112794302e+00
4.982758623266329678e+00
4.982758618113552807e+00
4.982758623265473474e+00
4.982758618114093707e+00
4.982758623264724740e+00
4.982758618114957905e+00
4.982758623263993769e+00
4.982758618115687099e+00
4.982758623263284115e+00
4.982758618116432281e+00
4.982758623262520281e+00
4.982758618117196114e+00
4.982758623261772435e+00
4.982758618118047877e+00
4.982758623260969522e+00
4.982758618118781513e+00
