5.000000000000000000e-01
3.069798169124143605e+00
4.152735969979271857e+00
4.711078157092110530e+00
4.961957493568144528e+00
4.984103008049316053e+00
4.982671764005670134e+00
4.982764215140036868e+00
4.982758241861845683e+00
4.982758649969469822e+00
4.982758619412026135e+00
4.982758624004513415e+00
4.982758618357607361e+00
4.982758623384724750e+00
4.982758618144722540e+00
4.982758623296173361e+00
4.982758618106746695e+00
4.982758623282945720e+00
4.982758618099753178e+00
4.982758623281526411e+00
4.982758618097759218e+00
4.982758623281902999e+00
4.982758618097173908e+00
4.982758623282143695e+00
4.982758618096640113e+00
4.982758623282768973e+00
4.982758618096679193e+00
4.982758623282666832e+00
4.982758618096533532e+00
2.982758623282628641e+00
4.198032539712567512e+00
4.731431253652761626e+00
4.971102731822504062e+00
4.983511931598212819e+00
4.982709984046445051e+00
4.982761749074791524e+00
4.982758399523238957e+00
4.982758639064941875e+00
4.982758619359363372e+00
4.982758623992536329e+00
4.982758618349230062e+00
4.982758623389746511e+00
4.982758618142374196e+00
4.982758623298422229e+00
4.982758618106529980e+00
4.982758623282877330e+00
4.982758618100922021e+00
4.982758623279817556e+00
4.982758618100533887e+00
4.982758623278595422e+00
4.982758618100784354e+00
4.982758623277983467e+00
4.982758618101338577e+00
4.982758623277280030e+00
4.982758618102055337e+00
4.982758623276969168e+00
4.982758618102684167e+00
4.982758623276299481e+00
4.982758618103479087e+00
2.982758623275636012e+00
4.198032539511926231e+00
4.731431253561950712e+00
4.971102731773385131e+00
4.983511931389958072e+00
4.982710002535289284e+00
4.982761746756482424e+00
4.982758399462879240e+00
4.982758636686241083e+00
4.982758619533358413e+00
4.982758624123488467e+00
4.982758618401739170e+00
4.982758623401037035e+00
4.982758618160209707e+00
4.982758623292331102e+00
4.982758618117789418e+00
4.982758623273615406e+00
4.982758618111166271e+00
4.982758623269874398e+00
4.982758618110748827e+00
4.982758623268690457e+00
4.982758618111308380e+00
4.982758623267729448e+00
4.982758618111883919e+00
4.982758623267057096e+00
4.982758618112794302e+00
4.982758623266329678e+00
4.982758618113552807e+00
4.982758623265473474e+00
4.982758618114093707e+00
2.982758623264724740e+00
4.198032539477394742e+00
4.731431253546028337e+00
4.971102731764286631e+00
4.983511931188039590e+00
4.982710031972516163e+00
4.982761743012540379e+00
4.982758399583532061e+00
4.982758636670573615e+00
4.982758619534791933e+00
4.982758624106383039e+00
4.982758618412876928e+00
