5.000000000000000000e-01
3.436912193311400188e+00
4.022323801929967857e+00
4.652480193943574704e+00
4.935627726179720121e+00
5.062854115431848712e+00
4.936463734376370205e+00
5.063229739067187651e+00
4.936632537765234474e+00
5.063305560916702142e+00
4.936666579216365314e+00
5.063320903026845343e+00
4.936673472882162628e+00
5.063324000540692538e+00
4.936674864695042686e+00
5.063324625913129040e+00
4.936675145702439593e+00
5.063324752169120480e+00
4.936675202441676902e+00
5.063324777655545006e+00
4.936675213901576598e+00
5.063324782797329782e+00
4.936675216219426510e+00
5.063324783831873788e+00
4.936675216691179813e+00
5.063324784037505744e+00
4.936675216789873311e+00
5.063324784076083773e+00
4.936675216813025457e+00
3.063324784081201457e+00
4.221574141856708984e+00
4.742009176673910531e+00
4.975855698769255042e+00
4.897372822864777042e+00
5.045665078937979331e+00
5.112297103870067083e+00
4.958679900710919242e+00
5.073212126409167411e+00
4.941117886581470664e+00
5.065321004398809279e+00
4.937572176538425950e+00
5.063727814069767241e+00
4.936856309909276597e+00
5.063406154434142437e+00
5.120268708036291194e+00
4.962261773599911940e+00
5.074821565669704881e+00
4.941841054345602835e+00
5.065645944629520336e+00
4.937718181622213542e+00
5.063793418376421052e+00
4.936885787838313000e+00
5.063419399712475233e+00
4.936717730404682314e+00
5.063343886633033364e+00
4.936683800189326732e+00
5.063328640801880276e+00
5.120233878792822324e+00
4.962246123819512356e+00
3.074814533754794077e+00
3.859622825181599826e+00
4.579373946633448433e+00
4.902778981272486902e+00
5.048094222592114377e+00
4.929831683834533074e+00
5.060249786235118563e+00
4.935293531134615996e+00
5.062703952597929380e+00
4.936396259272507692e+00
5.063199440322988742e+00
4.936618896281740554e+00
5.063299477585642805e+00
5.120220774865145152e+00
4.962240235850308601e+00
5.074811888109184821e+00
4.941836705954896658e+00
5.065643990752590753e+00
4.937717303706697258e+00
5.063793023886758782e+00
4.936885610599692775e+00
5.063419320058624606e+00
4.936717694629770392e+00
5.063343870544064984e+00
4.936683792974834617e+00
5.063328637546942623e+00
5.120233877320103488e+00
4.962246123165861889e+00
5.074814533444930831e+00
4.941837894584833357e+00
3.065644524834313600e+00
4.406173487389104970e+00
4.824955003937258624e+00
5.013125657690163273e+00
4.914119294312650155e+00
5.053189754011556900e+00
4.932121253890178636e+00
5.061278556440664822e+00
5.119312713422034200e+00
4.961832217523301836e+00
5.074628553643871776e+00
4.941754328467124147e+00
