5.000000000000000000e-01
3.436912193311400188e+00
4.022323801929967857e+00
4.652480193943574704e+00
4.935627726179720121e+00
5.062854115431848712e+00
4.936463734376370205e+00
5.063229739067187651e+00
4.936632537765234474e+00
5.063305560916702142e+00
4.936666579216365314e+00
5.063320903026845343e+00
4.936673472882162628e+00
5.063324000540692538e+00
4.936674864695042686e+00
5.063324625913129040e+00
4.936675145702439593e+00
5.063324752169120480e+00
4.936675202441676902e+00
5.063324777655545006e+00
4.936675213901576598e+00
5.063324782797329782e+00
4.936675216219426510e+00
5.063324783831873788e+00
4.936675216691179813e+00
5.063324784037505744e+00
4.936675216789873311e+00
5.063324784076083773e+00
4.936675216813025457e+00
5.063324784081201457e+00
4.936675216820586520e+00
5.063324784079767049e+00
4.936675216824759183e+00
5.063324784077289031e+00
5.120232145862607886e+00
4.962245345144023823e+00
5.074814183906769749e+00
4.941837737491718840e+00
5.065644454284909060e+00
4.937717511953776395e+00
5.063793117487316309e+00
4.936885652627696075e+00
5.063419338969687544e+00
4.936717703099748000e+00
5.063343874374453435e+00
4.936683794670668313e+00
5.063328638331672238e+00
5.120233877688137980e+00
4.962246123317183510e+00
5.074814533540020989e+00
4.941837894608805293e+00
5.065644524865012599e+00
4.937717543683850074e+00
5.063793131729430463e+00
4.936885659042296481e+00
5.063419341838169885e+00
4.936717704402665774e+00
5.063343874947254797e+00
4.936683794940958769e+00
5.063328638441487506e+00
5.120233877730870020e+00
4.962246123343696524e+00
5.074814533538449801e+00
4.941837894617587601e+00
5.065644524858950781e+00
4.937717543690665067e+00
5.063793131723665297e+00
4.936885659048683372e+00
5.063419341832915421e+00
4.936717704408679630e+00
5.063343874942471068e+00
5.120240723950518102e+00
4.962249199552377199e+00
5.074815915760773954e+00
4.941838515695250678e+00
5.065644803921769856e+00
4.937717669086826078e+00
5.063793188062997608e+00
4.936885684368490956e+00
5.063419353205405926e+00
4.936717709523244402e+00
5.063343877236426316e+00
4.936683795981616107e+00
5.063328638898277667e+00
5.120233877927578447e+00
4.962246123438652567e+00
5.074814533567869823e+00
4.941837894639809825e+00
5.065644524859277631e+00
4.937717543699996270e+00
5.063793131719250162e+00
4.936885659055517905e+00
5.063419341828002906e+00
4.936717704414752106e+00
5.063343874937699773e+00
4.936683794952169357e+00
5.063328638432564865e+00
5.120233877715163473e+00
4.962246123345072313e+00
5.074814533521822213e+00
4.941837894621818883e+00
