3.000000000000000000e+02 1.000000000000000056e-01
3.022257385253906250e+02 1.000000000000000056e-01
3.007631530761718750e+02 1.000000000000000056e-01
2.995342102050781250e+02 1.000000000000000056e-01
2.993462524414062500e+02 1.000000000000000056e-01
2.995180664062500000e+02 1.000000000000000056e-01
2.996071777343750000e+02 1.000000000000000056e-01
2.996148986816406250e+02 1.000000000000000056e-01
2.996066284179687500e+02 1.000000000000000056e-01
2.996041259765625000e+02 1.000000000000000056e-01
2.996047668457031250e+02 1.000000000000000056e-01
2.996044616699218750e+02 1.000000000000000056e-01
2.996020507812500000e+02 1.000000000000000056e-01
2.995977478027343750e+02 1.000000000000000056e-01
2.995920410156250000e+02 1.000000000000000056e-01
2.995850219726562500e+02 1.000000000000000056e-01
2.995768127441406250e+02 1.000000000000000056e-01
2.995676879882812500e+02 1.000000000000000056e-01
2.995578918457031250e+02 1.000000000000000056e-01
2.995474853515625000e+02 1.000000000000000056e-01
2.995367126464843750e+02 1.000000000000000056e-01
2.995257568359375000e+02 1.000000000000000056e-01
2.995149841308593750e+02 1.000000000000000056e-01
2.995071105957031250e+02 1.000000000000000056e-01
2.995050659179687500e+02 1.000000000000000056e-01
2.995111389160156250e+02 1.000000000000000056e-01
2.995263061523437500e+02 1.000000000000000056e-01
2.995503540039062500e+02 1.000000000000000056e-01
2.995824890136718750e+02 1.000000000000000056e-01
2.996205139160156250e+02 1.000000000000000056e-01
2.996606445312500000e+02 1.000000000000000056e-01
2.997001647949218750e+02 1.000000000000000056e-01
2.997378845214843750e+02 1.000000000000000056e-01
2.997729797363281250e+02 1.000000000000000056e-01
2.998052368164062500e+02 1.000000000000000056e-01
2.998344116210937500e+02 1.000000000000000056e-01
2.998604736328125000e+02 1.000000000000000056e-01
2.998834838867187500e+02 1.000000000000000056e-01
2.999034423828125000e+02 1.000000000000000056e-01
2.999206848144531250e+02 1.000000000000000056e-01
2.999352416992187500e+02 1.000000000000000056e-01
2.999472045898437500e+02 1.000000000000000056e-01
2.999566955566406250e+02 1.000000000000000056e-01
2.999638366699218750e+02 1.000000000000000056e-01
2.999685974121093750e+02 1.000000000000000056e-01
2.999713134765625000e+02 1.000000000000000056e-01
2.999721984863281250e+02 1.000000000000000056e-01
2.999714355468750000e+02 1.000000000000000056e-01
2.999690856933593750e+02 1.000000000000000056e-01
2.999652099609375000e+02 1.000000000000000056e-01
2.999601135253906250e+02 1.000000000000000056e-01
2.999537048339843750e+02 1.000000000000000056e-01
2.999462890625000000e+02 1.000000000000000056e-01
2.999380798339843750e+02 1.000000000000000056e-01
2.999287719726562500e+02 1.000000000000000056e-01
2.999187622070312500e+02 1.000000000000000056e-01
2.999084472656250000e+02 1.000000000000000056e-01
2.998977661132812500e+02 1.000000000000000056e-01
2.998865356445312500e+02 1.000000000000000056e-01
2.998748779296875000e+02 1.000000000000000056e-01
2.998628845214843750e+02 1.000000000000000056e-01
2.998506164550781250e+02 1.000000000000000056e-01
2.998381958007812500e+02 1.000000000000000056e-01
2.998258972167968750e+02 1.000000000000000056e-01
2.998135375976562500e+02 1.000000000000000056e-01
2.998013305664062500e+02 1.000000000000000056e-01
2.997893981933593750e+02 1.000000000000000056e-01
2.997774963378906250e+02 1.000000000000000056e-01
2.997658996582031250e+02 1.000000000000000056e-01
2.997548828125000000e+02 1.000000000000000056e-01
2.997445983886718750e+02 1.000000000000000056e-01
2.997353210449218750e+02 1.000000000000000056e-01
2.997265319824218750e+02 1.000000000000000056e-01
2.997185668945312500e+02 1.000000000000000056e-01
2.997114868164062500e+02 1.000000000000000056e-01
2.997052612304687500e+02 1.000000000000000056e-01
2.996998596191406250e+02 1.000000000000000056e-01
2.996949157714843750e+02 1.000000000000000056e-01
2.996904907226562500e+02 1.000000000000000056e-01
2.996863403320312500e+02 1.000000000000000056e-01
2.996825256347656250e+02 1.000000000000000056e-01
2.996788635253906250e+02 1.000000000000000056e-01
2.996752014160156250e+02 1.000000000000000056e-01
2.996713256835937500e+02 1.000000000000000056e-01
2.996673278808593750e+02 1.000000000000000056e-01
2.996631774902343750e+02 1.000000000000000056e-01
2.996586914062500000e+02 1.000000000000000056e-01
2.996539001464843750e+02 1.000000000000000056e-01
2.996488952636718750e+02 1.000000000000000056e-01
2.996436462402343750e+02 1.000000000000000056e-01
2.996383056640625000e+02 1.000000000000000056e-01
2.996329650878906250e+02 1.000000000000000056e-01
2.996275939941406250e+02 1.000000000000000056e-01
2.996223449707031250e+02 1.000000000000000056e-01
2.996173706054687500e+02 1.000000000000000056e-01
2.996130371093750000e+02 1.000000000000000056e-01
2.996105651855468750e+02 1.000000000000000056e-01
2.996111755371093750e+02 1.000000000000000056e-01
2.996156921386718750e+02 1.000000000000000056e-01
2.996253356933593750e+02 1.000000000000000056e-01
2.996401062011718750e+02 1.000000000000000056e-01
2.996595153808593750e+02 1.000000000000000056e-01
2.996825256347656250e+02 1.000000000000000056e-01
2.997073974609375000e+02 1.000000000000000056e-01
2.997320861816406250e+02 1.000000000000000056e-01
2.997548522949218750e+02 1.000000000000000056e-01
2.997748718261718750e+02 1.000000000000000056e-01
2.997917175292968750e+02 1.000000000000000056e-01
2.998049926757812500e+02 1.000000000000000056e-01
2.998147277832031250e+02 1.000000000000000056e-01
2.998209533691406250e+02 1.000000000000000056e-01
2.998235168457031250e+02 1.000000000000000056e-01
2.998229675292968750e+02 1.000000000000000056e-01
2.998193969726562500e+02 1.000000000000000056e-01
2.998133239746093750e+02 1.000000000000000056e-01
2.998049926757812500e+02 1.000000000000000056e-01
2.997945251464843750e+02 1.000000000000000056e-01
2.997821044921875000e+02 1.000000000000000056e-01
2.997678222656250000e+02 1.000000000000000056e-01
2.997518005371093750e+02 1.000000000000000056e-01
2.997346191406250000e+02 1.000000000000000056e-01
2.997166442871093750e+02 1.000000000000000056e-01
2.996994018554687500e+02 1.000000000000000056e-01
2.996839294433593750e+02 1.000000000000000056e-01
2.996698608398437500e+02 1.000000000000000056e-01
2.996575622558593750e+02 1.000000000000000056e-01
2.996475219726562500e+02 1.000000000000000056e-01
2.996391296386718750e+02 1.000000000000000056e-01
2.996314086914062500e+02 1.000000000000000056e-01
2.996233215332031250e+02 1.000000000000000056e-01
2.996145324707031250e+02 1.000000000000000056e-01
2.996048278808593750e+02 1.000000000000000056e-01
2.995940856933593750e+02 1.000000000000000056e-01
2.995823364257812500e+02 1.000000000000000056e-01
2.995693054199218750e+02 1.000000000000000056e-01
2.995551452636718750e+02 1.000000000000000056e-01
2.995400695800781250e+02 1.000000000000000056e-01
2.995241394042968750e+02 1.000000000000000056e-01
2.995074157714843750e+02 1.000000000000000056e-01
2.994901428222656250e+02 1.000000000000000056e-01
2.994727478027343750e+02 1.000000000000000056e-01
2.994555358886718750e+02 1.000000000000000056e-01
2.994394836425781250e+02 1.000000000000000056e-01
2.994260253906250000e+02 1.000000000000000056e-01
2.994171447753906250e+02 1.000000000000000056e-01
2.994146423339843750e+02 1.000000000000000056e-01
2.994201660156250000e+02 1.000000000000000056e-01
2.994350585937500000e+02 1.000000000000000056e-01
2.994599609375000000e+02 1.000000000000000056e-01
2.994942626953125000e+02 1.000000000000000056e-01
2.995374755859375000e+02 1.000000000000000056e-01
2.995878906250000000e+02 1.000000000000000056e-01
2.996430053710937500e+02 1.000000000000000056e-01
2.997002868652343750e+02 1.000000000000000056e-01
2.997574768066406250e+02 1.000000000000000056e-01
2.998127136230468750e+02 1.000000000000000056e-01
2.998644104003906250e+02 1.000000000000000056e-01
2.999116516113281250e+02 1.000000000000000056e-01
2.999540100097656250e+02 1.000000000000000056e-01
2.999913330078125000e+02 1.000000000000000056e-01
3.000235290527343750e+02 1.000000000000000056e-01
3.000505676269531250e+02 1.000000000000000056e-01
3.000716552734375000e+02 1.000000000000000056e-01
3.000876464843750000e+02 1.000000000000000056e-01
3.000991821289062500e+02 1.000000000000000056e-01
3.001068420410156250e+02 1.000000000000000056e-01
3.001109619140625000e+02 1.000000000000000056e-01
3.001118469238281250e+02 1.000000000000000056e-01
3.001099853515625000e+02 1.000000000000000056e-01
3.001055603027343750e+02 1.000000000000000056e-01
3.000989685058593750e+02 1.000000000000000056e-01
3.000903625488281250e+02 1.000000000000000056e-01
3.000793762207031250e+02 1.000000000000000056e-01
3.000664062500000000e+02 1.000000000000000056e-01
3.000517883300781250e+02 1.000000000000000056e-01
3.000358276367187500e+02 1.000000000000000056e-01
3.000186462402343750e+02 1.000000000000000056e-01
3.000002441406250000e+02 1.000000000000000056e-01
2.999808959960937500e+02 1.000000000000000056e-01
2.999607543945312500e+02 1.000000000000000056e-01
2.999396667480468750e+02 1.000000000000000056e-01
2.999179687500000000e+02 1.000000000000000056e-01
2.998959655761718750e+02 1.000000000000000056e-01
2.998737487792968750e+02 1.000000000000000056e-01
2.998512573242187500e+02 1.000000000000000056e-01
2.998285522460937500e+02 1.000000000000000056e-01
2.998058776855468750e+02 1.000000000000000056e-01
2.997832336425781250e+02 1.000000000000000056e-01
2.997604980468750000e+02 1.000000000000000056e-01
2.997377319335937500e+02 1.000000000000000056e-01
2.997151184082031250e+02 1.000000000000000056e-01
2.996926879882812500e+02 1.000000000000000056e-01
2.996705627441406250e+02 1.000000000000000056e-01
2.996490173339843750e+02 1.000000000000000056e-01
2.996281738281250000e+02 1.000000000000000056e-01
2.996082153320312500e+02 1.000000000000000056e-01
2.995887451171875000e+02 1.000000000000000056e-01
2.995701599121093750e+02 1.000000000000000056e-01
2.995527038574218750e+02 1.000000000000000056e-01
2.995367736816406250e+02 1.000000000000000056e-01
2.995226135253906250e+02 1.000000000000000056e-01
2.995107116699218750e+02 1.000000000000000056e-01
2.995009460449218750e+02 1.000000000000000056e-01
2.994943237304687500e+02 1.000000000000000056e-01
2.994912109375000000e+02 1.000000000000000056e-01
2.994911499023437500e+02 1.000000000000000056e-01
2.994939880371093750e+02 1.000000000000000056e-01
2.994992980957031250e+02 1.000000000000000056e-01
2.995061645507812500e+02 1.000000000000000056e-01
2.995135192871093750e+02 1.000000000000000056e-01
2.995206909179687500e+02 1.000000000000000056e-01
2.995272521972656250e+02 1.000000000000000056e-01
2.995325927734375000e+02 1.000000000000000056e-01
2.995364379882812500e+02 1.000000000000000056e-01
2.995388183593750000e+02 1.000000000000000056e-01
2.995396728515625000e+02 1.000000000000000056e-01
2.995390625000000000e+02 1.000000000000000056e-01
2.995371398925781250e+02 1.000000000000000056e-01
2.995339660644531250e+02 1.000000000000000056e-01
2.995299377441406250e+02 1.000000000000000056e-01
2.995252380371093750e+02 1.000000000000000056e-01
2.995202026367187500e+02 1.000000000000000056e-01
2.995151062011718750e+02 1.000000000000000056e-01
2.995105285644531250e+02 1.000000000000000056e-01
2.995065307617187500e+02 1.000000000000000056e-01
2.995032043457031250e+02 1.000000000000000056e-01
2.995008850097656250e+02 1.000000000000000056e-01
2.994999389648437500e+02 1.000000000000000056e-01
2.995005798339843750e+02 1.000000000000000056e-01
2.995028076171875000e+02 1.000000000000000056e-01
2.995064392089843750e+02 1.000000000000000056e-01
2.995114440917968750e+02 1.000000000000000056e-01
2.995180358886718750e+02 1.000000000000000056e-01
2.995260009765625000e+02 1.000000000000000056e-01
2.995349731445312500e+02 1.000000000000000056e-01
2.995442810058593750e+02 1.000000000000000056e-01
2.995531616210937500e+02 1.000000000000000056e-01
2.995611267089843750e+02 1.000000000000000056e-01
2.995676879882812500e+02 1.000000000000000056e-01
2.995723876953125000e+02 1.000000000000000056e-01
2.995747680664062500e+02 1.000000000000000056e-01
2.995747680664062500e+02 1.000000000000000056e-01
2.995724792480468750e+02 1.000000000000000056e-01
2.995680847167968750e+02 1.000000000000000056e-01
2.995613708496093750e+02 1.000000000000000056e-01
2.995527343750000000e+02 1.000000000000000056e-01
2.995423889160156250e+02 1.000000000000000056e-01
2.995307922363281250e+02 1.000000000000000056e-01
2.995180358886718750e+02 1.000000000000000056e-01
2.995032958984375000e+02 1.000000000000000056e-01
2.994873046875000000e+02 1.000000000000000056e-01
2.994705810546875000e+02 1.000000000000000056e-01
2.994539184570312500e+02 1.000000000000000056e-01
2.994387512207031250e+02 1.000000000000000056e-01
2.994269714355468750e+02 1.000000000000000056e-01
2.994202270507812500e+02 1.000000000000000056e-01
2.994187622070312500e+02 1.000000000000000056e-01
2.994223937988281250e+02 1.000000000000000056e-01
2.994297180175781250e+02 1.000000000000000056e-01
2.994393615722656250e+02 1.000000000000000056e-01
2.994502563476562500e+02 1.000000000000000056e-01
2.994610595703125000e+02 1.000000000000000056e-01
2.994708557128906250e+02 1.000000000000000056e-01
2.994792785644531250e+02 1.000000000000000056e-01
2.994860229492187500e+02 1.000000000000000056e-01
2.994907226562500000e+02 1.000000000000000056e-01
2.994935607910156250e+02 1.000000000000000056e-01
2.994946899414062500e+02 1.000000000000000056e-01
2.994938049316406250e+02 1.000000000000000056e-01
2.994904174804687500e+02 1.000000000000000056e-01
2.994849548339843750e+02 1.000000000000000056e-01
2.994776306152343750e+02 1.000000000000000056e-01
2.994691467285156250e+02 1.000000000000000056e-01
2.994605407714843750e+02 1.000000000000000056e-01
2.994526977539062500e+02 1.000000000000000056e-01
2.994463500976562500e+02 1.000000000000000056e-01
2.994419555664062500e+02 1.000000000000000056e-01
2.994398193359375000e+02 1.000000000000000056e-01
2.994396667480468750e+02 1.000000000000000056e-01
2.994411926269531250e+02 1.000000000000000056e-01
2.994440612792968750e+02 1.000000000000000056e-01
2.994480895996093750e+02 1.000000000000000056e-01
2.994529113769531250e+02 1.000000000000000056e-01
2.994580993652343750e+02 1.000000000000000056e-01
2.994636535644531250e+02 1.000000000000000056e-01
2.994694519042968750e+02 1.000000000000000056e-01
2.994753417968750000e+02 1.000000000000000056e-01
2.994806213378906250e+02 1.000000000000000056e-01
2.994849853515625000e+02 1.000000000000000056e-01
2.994888000488281250e+02 1.000000000000000056e-01
2.994919128417968750e+02 1.000000000000000056e-01
2.994943237304687500e+02 1.000000000000000056e-01
2.994961242675781250e+02 1.000000000000000056e-01
2.994973754882812500e+02 1.000000000000000056e-01
2.994981079101562500e+02 1.000000000000000056e-01
2.994986267089843750e+02 1.000000000000000056e-01
2.994990539550781250e+02 1.000000000000000056e-01
2.994995117187500000e+02 1.000000000000000056e-01
2.995002136230468750e+02 1.000000000000000056e-01
2.995019836425781250e+02 1.000000000000000056e-01
2.995049743652343750e+02 1.000000000000000056e-01
2.995093383789062500e+02 1.000000000000000056e-01
2.995146179199218750e+02 1.000000000000000056e-01
2.995203857421875000e+02 1.000000000000000056e-01
2.995266723632812500e+02 1.000000000000000056e-01
2.995331726074218750e+02 1.000000000000000056e-01
2.995398559570312500e+02 1.000000000000000056e-01
2.995466003417968750e+02 1.000000000000000056e-01
2.995533142089843750e+02 1.000000000000000056e-01
2.995602416992187500e+02 1.000000000000000056e-01
2.995671386718750000e+02 1.000000000000000056e-01
2.995739746093750000e+02 1.000000000000000056e-01
2.995807495117187500e+02 1.000000000000000056e-01
2.995874633789062500e+02 1.000000000000000056e-01
2.995940856933593750e+02 1.000000000000000056e-01
2.996006774902343750e+02 1.000000000000000056e-01
