1.000000000000000000e+00 3.100000000000000000e+02 6.590000000000000302e-01
9.380340353889766725e-01 3.244994871787911848e+02 6.590000000000000302e-01
8.888419798516017378e-01 3.261994110533243543e+02 6.590000000000000302e-01
8.770873516098475209e-01 3.245914486397211363e+02 6.590000000000000302e-01
8.807073342250505421e-01 3.236878368344861201e+02 6.590000000000000302e-01
8.836723383911070373e-01 3.236617437668131174e+02 6.590000000000000302e-01
8.841361855426181915e-01 3.237904197797861343e+02 6.590000000000000302e-01
8.838292233683884280e-01 3.238426676365983212e+02 6.590000000000000302e-01
8.836233370490247374e-01 3.238453592549733457e+02 6.590000000000000302e-01
8.835704596218285634e-01 3.238412176119792889e+02 6.590000000000000302e-01
8.835656417577288924e-01 3.238403035103881393e+02 6.590000000000000302e-01
8.835687353782036846e-01 3.238396040637154556e+02 6.590000000000000302e-01
8.835838225576470029e-01 3.238363993732499466e+02 6.590000000000000302e-01
8.836195602181288189e-01 3.238301841215113654e+02 6.590000000000000302e-01
8.836773182681606498e-01 3.238214869030572913e+02 6.590000000000000302e-01
8.837553962661834905e-01 3.238106012051277958e+02 6.590000000000000302e-01
8.838517853836804772e-01 3.237977615203031405e+02 6.590000000000000302e-01
8.839637108979163660e-01 3.237833536412812236e+02 6.590000000000000302e-01
8.840880186446289368e-01 3.237677944530922218e+02 6.590000000000000302e-01
8.842221979461416526e-01 3.237512546924200478e+02 6.590000000000000302e-01
8.843637829175857723e-01 3.237340703254731125e+02 6.590000000000000302e-01
8.845101323274254801e-01 3.237165501906455347e+02 6.590000000000000302e-01
8.846577447456192012e-01 3.236992195164909845e+02 6.590000000000000302e-01
8.847906470390488609e-01 3.236855826125445219e+02 6.590000000000000302e-01
8.848792984054543176e-01 3.236801539357587103e+02 6.590000000000000302e-01
8.848906033755790101e-01 3.236868528113617458e+02 6.590000000000000302e-01
8.847983592369246253e-01 3.237077822442975616e+02 6.590000000000000302e-01
8.845895449830123436e-01 3.237431270490977226e+02 6.590000000000000302e-01
8.842630590847992966e-01 3.237919303848208301e+02 6.590000000000000302e-01
8.838314501476780549e-01 3.238512725410353141e+02 6.590000000000000302e-01
8.833252506531173998e-01 3.239157513928340109e+02 6.590000000000000302e-01
8.827829106337452547e-01 3.239806433291884673e+02 6.590000000000000302e-01
8.822359192950800511e-01 3.240433466749133800e+02 6.590000000000000302e-01
8.817056783948862275e-01 3.241022693097630167e+02 6.590000000000000302e-01
8.812046860450807317e-01 3.241567938414584660e+02 6.590000000000000302e-01
8.807400347101393967e-01 3.242064783516779016e+02 6.590000000000000302e-01
8.803157424796048680e-01 3.242511607585216211e+02 6.590000000000000302e-01
8.799335416196979454e-01 3.242908581264392183e+02 6.590000000000000302e-01
8.795942277286074029e-01 3.243255500788435484e+02 6.590000000000000302e-01
8.792966516350648742e-01 3.243556324287739017e+02 6.590000000000000302e-01
8.790393066908938069e-01 3.243812312334440549e+02 6.590000000000000302e-01
8.788211041245742594e-01 3.244024659197409619e+02 6.590000000000000302e-01
8.786408931885432150e-01 3.244194963302172141e+02 6.590000000000000302e-01
8.784973155819095769e-01 3.244325172788023792e+02 6.590000000000000302e-01
8.783896385393419326e-01 3.244415228819431718e+02 6.590000000000000302e-01
8.783159508679657668e-01 3.244469288326428114e+02 6.590000000000000302e-01
8.782732704392467449e-01 3.244491258581255124e+02 6.590000000000000302e-01
8.782583945982289642e-01 3.244484464498673901e+02 6.590000000000000302e-01
8.782692268799208168e-01 3.244450396152271310e+02 6.590000000000000302e-01
8.783043169819171325e-01 3.244390284074377746e+02 6.590000000000000302e-01
8.783610928906900872e-01 3.244308259198149358e+02 6.590000000000000302e-01
8.784380101148698827e-01 3.244204305569459734e+02 6.590000000000000302e-01
8.785330144727798718e-01 3.244082289423551515e+02 6.590000000000000302e-01
8.786430116863813700e-01 3.243945985628808444e+02 6.590000000000000302e-01
8.787675117934506952e-01 3.243792409752566073e+02 6.590000000000000302e-01
8.789052637559251480e-01 3.243625832679646237e+02 6.590000000000000302e-01
8.790523530475183867e-01 3.243452597148145173e+02 6.590000000000000302e-01
8.792059137148949821e-01 3.243273612448539325e+02 6.590000000000000302e-01
8.793658156603304521e-01 3.243086569805475392e+02 6.590000000000000302e-01
8.795321191369177560e-01 3.242892312990782671e+02 6.590000000000000302e-01
8.797040567140900214e-01 3.242692318882770337e+02 6.590000000000000302e-01
8.798805925643201631e-01 3.242487790358942448e+02 6.590000000000000302e-01
8.800603958479645827e-01 3.242280591210900980e+02 6.590000000000000302e-01
8.802410528640857157e-01 3.242074704363829483e+02 6.590000000000000302e-01
8.804215654637405075e-01 3.241868825895066379e+02 6.590000000000000302e-01
8.806009787985348281e-01 3.241665170552175255e+02 6.590000000000000302e-01
8.807776900838081291e-01 3.241465890798232863e+02 6.590000000000000302e-01
8.809518437328576201e-01 3.241268394158398678e+02 6.590000000000000302e-01
8.811229079306130973e-01 3.241075360344824503e+02 6.590000000000000302e-01
8.812884769720035205e-01 3.240891044249755168e+02 6.590000000000000302e-01
8.814457702093406732e-01 3.240718452096692772e+02 6.590000000000000302e-01
8.815916918673696312e-01 3.240561699388212560e+02 6.590000000000000302e-01
8.817267890216703430e-01 3.240415230719171404e+02 6.590000000000000302e-01
8.818512856846777437e-01 3.240281460312685908e+02 6.590000000000000302e-01
8.819642001612451043e-01 3.240161954557401600e+02 6.590000000000000302e-01
8.820649438016122668e-01 3.240056681566610450e+02 6.590000000000000302e-01
8.821535653281488143e-01 3.239965170937213657e+02 6.590000000000000302e-01
8.822321103893924210e-01 3.239882633141848487e+02 6.590000000000000302e-01
8.823023576194827244e-01 3.239808529990468173e+02 6.590000000000000302e-01
8.823662282929622958e-01 3.239739772006486191e+02 6.590000000000000302e-01
8.824249054738295683e-01 3.239676310043219019e+02 6.590000000000000302e-01
8.824796944933656073e-01 3.239615986138074391e+02 6.590000000000000302e-01
8.825324013366976361e-01 3.239556299081605744e+02 6.590000000000000302e-01
8.825853964807820473e-01 3.239493954596845811e+02 6.590000000000000302e-01
8.826399043983976789e-01 3.239429313058962521e+02 6.590000000000000302e-01
8.826963000862948494e-01 3.239362213410484514e+02 6.590000000000000302e-01
8.827556621676372339e-01 3.239290340871811509e+02 6.590000000000000302e-01
8.828188404672264733e-01 3.239213467846009848e+02 6.590000000000000302e-01
8.828856976534442680e-01 3.239132773217535259e+02 6.590000000000000302e-01
8.829559618562851098e-01 3.239048220306423786e+02 6.590000000000000302e-01
8.830287926710466140e-01 3.238961695238201628e+02 6.590000000000000302e-01
8.831029029474849468e-01 3.238874849377818919e+02 6.590000000000000302e-01
8.831775739016983762e-01 3.238787687608475494e+02 6.590000000000000302e-01
8.832518606806790684e-01 3.238702099246640387e+02 6.590000000000000302e-01
8.833241023756910337e-01 3.238620407443675617e+02 6.590000000000000302e-01
8.833913002596200936e-01 3.238547784728518764e+02 6.590000000000000302e-01
8.834449056729900551e-01 3.238500813234513771e+02 6.590000000000000302e-01
8.834713462478250845e-01 3.238498936388261882e+02 6.590000000000000302e-01
8.834565038413528804e-01 3.238557331883141046e+02 6.590000000000000302e-01
8.833857420952712092e-01 3.238694557855483822e+02 6.590000000000000302e-01
8.832489947943101827e-01 3.238915147531701564e+02 6.590000000000000302e-01
8.830442320218414576e-01 3.239213815357077806e+02 6.590000000000000302e-01
8.827774139251705066e-01 3.239576158291577030e+02 6.590000000000000302e-01
8.824631526448258878e-01 3.239976808550469514e+02 6.590000000000000302e-01
8.821236618626543402e-01 3.240383741440545577e+02 6.590000000000000302e-01
8.817840977740089015e-01 3.240767098338923233e+02 6.590000000000000302e-01
8.814652878665905078e-01 3.241109256148877762e+02 6.590000000000000302e-01
8.811810694624611084e-01 3.241400903204824999e+02 6.590000000000000302e-01
8.809405683858370084e-01 3.241635036890978654e+02 6.590000000000000302e-01
8.807486365708779852e-01 3.241810380399570022e+02 6.590000000000000302e-01
8.806070976570020692e-01 3.241927143458925684e+02 6.590000000000000302e-01
8.805172805666853231e-01 3.241983528830152750e+02 6.590000000000000302e-01
8.804772228169600590e-01 3.241986063755878149e+02 6.590000000000000302e-01
8.804841667390740367e-01 3.241937525957991966e+02 6.590000000000000302e-01
8.805334200435600556e-01 3.241845432023450826e+02 6.590000000000000302e-01
8.806200223219806666e-01 3.241714809567065458e+02 6.590000000000000302e-01
8.807402491457190230e-01 3.241548470792189391e+02 6.590000000000000302e-01
8.808911373105936526e-01 3.241349383496768723e+02 6.590000000000000302e-01
8.810703222923845779e-01 3.241119493253736437e+02 6.590000000000000302e-01
8.812757804967628061e-01 3.240860884182466748e+02 6.590000000000000302e-01
8.815031812821103596e-01 3.240581512026340647e+02 6.590000000000000302e-01
8.817468067043909841e-01 3.240288198705865739e+02 6.590000000000000302e-01
8.819950595582136676e-01 3.240001882808053324e+02 6.590000000000000302e-01
8.822328480849217502e-01 3.239741011412822900e+02 6.590000000000000302e-01
8.824521592053030661e-01 3.239505144648840087e+02 6.590000000000000302e-01
8.826491937149989475e-01 3.239297909017018924e+02 6.590000000000000302e-01
8.828194025051619986e-01 3.239126079439595287e+02 6.590000000000000302e-01
8.829626082228257955e-01 3.238983596494861104e+02 6.590000000000000302e-01
8.830856620118880951e-01 3.238856126989498989e+02 6.590000000000000302e-01
8.832002018700245705e-01 3.238726936336558424e+02 6.590000000000000302e-01
8.833163555996637051e-01 3.238587782902695835e+02 6.590000000000000302e-01
8.834405269669112215e-01 3.238434361779084156e+02 6.590000000000000302e-01
8.835764241163094335e-01 3.238264579416165247e+02 6.590000000000000302e-01
8.837255078065373581e-01 3.238078505190630381e+02 6.590000000000000302e-01
8.838894785534718856e-01 3.237872920381493600e+02 6.590000000000000302e-01
8.840689668915705512e-01 3.237648985612044612e+02 6.590000000000000302e-01
8.842626600608073373e-01 3.237409848891224442e+02 6.590000000000000302e-01
8.844688561611384614e-01 3.237157166237775527e+02 6.590000000000000302e-01
8.846862127338358528e-01 3.236892107735993136e+02 6.590000000000000302e-01
8.849127362482813730e-01 3.236617995278774060e+02 6.590000000000000302e-01
8.851447177964784085e-01 3.236340981556567158e+02 6.590000000000000302e-01
8.853777440566189538e-01 3.236066351789404507e+02 6.590000000000000302e-01
8.856042266417255560e-01 3.235807330939484245e+02 6.590000000000000302e-01
8.858111387911129508e-01 3.235584763201922556e+02 6.590000000000000302e-01
8.859790628421048142e-01 3.235427917987626074e+02 6.590000000000000302e-01
8.860852267343090061e-01 3.235365709146925042e+02 6.590000000000000302e-01
8.861067495935777139e-01 3.235424685505088860e+02 6.590000000000000302e-01
8.860226528890357001e-01 3.235627444176638505e+02 6.590000000000000302e-01
8.858166043437643022e-01 3.235987016543063532e+02 6.590000000000000302e-01
8.854823586965858695e-01 3.236499483574964984e+02 6.590000000000000302e-01
8.850203995318017824e-01 3.237158512937194814e+02 6.590000000000000302e-01
8.844396727941848946e-01 3.237942795701610521e+02 6.590000000000000302e-01
8.837599737481739437e-01 3.238817282857577311e+02 6.590000000000000302e-01
8.830091581001558998e-01 3.239742831421921210e+02 6.590000000000000302e-01
8.822178369363293804e-01 3.240682325996623376e+02 6.590000000000000302e-01
8.814155627737136900e-01 3.241603661365875837e+02 6.590000000000000302e-01
8.806293130068475472e-01 3.242478886089494949e+02 6.590000000000000302e-01
8.798811296070407906e-01 3.243289097584235492e+02 6.590000000000000302e-01
8.791864099292208135e-01 3.244023664860813483e+02 6.590000000000000302e-01
8.785547817552114003e-01 3.244677481588522596e+02 6.590000000000000302e-01
8.779920799256816233e-01 3.245247482394089502e+02 6.590000000000000302e-01
8.775020264671425929e-01 3.245731793626402464e+02 6.590000000000000302e-01
8.770913988131618932e-01 3.246118902062913776e+02 6.590000000000000302e-01
8.767620576343572170e-01 3.246415989590093432e+02 6.590000000000000302e-01
8.765091016375542443e-01 3.246633412163238290e+02 6.590000000000000302e-01
8.763248651648627430e-01 3.246781277335099389e+02 6.590000000000000302e-01
8.762021904832403285e-01 3.246866499110922746e+02 6.590000000000000302e-01
8.761352042720438327e-01 3.246894553661463192e+02 6.590000000000000302e-01
8.761178434926760739e-01 3.246872880060874422e+02 6.590000000000000302e-01
8.761449858347662989e-01 3.246805913852774097e+02 6.590000000000000302e-01
8.762114096524523665e-01 3.246699863686397407e+02 6.590000000000000302e-01
8.763127321023064242e-01 3.246558346913545279e+02 6.590000000000000302e-01
8.764484070657596604e-01 3.246377494084382533e+02 6.590000000000000302e-01
8.766173543366816423e-01 3.246161263771047629e+02 6.590000000000000302e-01
8.768159514433289115e-01 3.245915398813477282e+02 6.590000000000000302e-01
8.770394823378391269e-01 3.245645577465181191e+02 6.590000000000000302e-01
8.772839652951187617e-01 3.245354937194060199e+02 6.590000000000000302e-01
8.775471500355209731e-01 3.245044248394383430e+02 6.590000000000000302e-01
8.778265870126350512e-01 3.244717231634992345e+02 6.590000000000000302e-01
8.781194457080997440e-01 3.244376950550673087e+02 6.590000000000000302e-01
8.784246598828604480e-01 3.244022255603304643e+02 6.590000000000000302e-01
8.787404564596527079e-01 3.243657098072159783e+02 6.590000000000000302e-01
8.790633563590052324e-01 3.243286585080043665e+02 6.590000000000000302e-01
8.793902048841539809e-01 3.242913242411276542e+02 6.590000000000000302e-01
8.797196141751815190e-01 3.242536819323188411e+02 6.590000000000000302e-01
8.800509527801557708e-01 3.242157907111597410e+02 6.590000000000000302e-01
8.803825710291380835e-01 3.241779764221584514e+02 6.590000000000000302e-01
8.807129634420864939e-01 3.241403258648592214e+02 6.590000000000000302e-01
8.810420803332621453e-01 3.241026959873587998e+02 6.590000000000000302e-01
8.813700601463327899e-01 3.240651186416662313e+02 6.590000000000000302e-01
8.816959063232979732e-01 3.240278360598153427e+02 6.590000000000000302e-01
8.820184360997301853e-01 3.239909503922382328e+02 6.590000000000000302e-01
8.823364086695436592e-01 3.239546330819086961e+02 6.590000000000000302e-01
8.826475904942769901e-01 3.239192665997015297e+02 6.590000000000000302e-01
8.829496074666580707e-01 3.238850940910493819e+02 6.590000000000000302e-01
8.832401984474339551e-01 3.238523893926918618e+02 6.590000000000000302e-01
8.835199573414321828e-01 3.238207093406561512e+02 6.590000000000000302e-01
8.837885125590220214e-01 3.237904142696808663e+02 6.590000000000000302e-01
8.840435045184005247e-01 3.237619052778857736e+02 6.590000000000000302e-01
8.842811642916905690e-01 3.237357655079962342e+02 6.590000000000000302e-01
8.844975577765297192e-01 3.237124273429691925e+02 6.590000000000000302e-01
8.846879758599538457e-01 3.236925787270400861e+02 6.590000000000000302e-01
8.848497317165749942e-01 3.236762170302452546e+02 6.590000000000000302e-01
8.849772395735668873e-01 3.236645629266949413e+02 6.590000000000000302e-01
8.850635199166205780e-01 3.236583583523357106e+02 6.590000000000000302e-01
8.851067827572207669e-01 3.236571840081334130e+02 6.590000000000000302e-01
8.851084159667170770e-01 3.236607383148218560e+02 6.590000000000000302e-01
8.850718890622814028e-01 3.236683886711455216e+02 6.590000000000000302e-01
8.850045799878879516e-01 3.236788566582545741e+02 6.590000000000000302e-01
8.849176120745468888e-01 3.236905021244949126e+02 6.590000000000000302e-01
8.848224388726314560e-01 3.237021123562598746e+02 6.590000000000000302e-01
8.847280336813804213e-01 3.237128913326966995e+02 6.590000000000000302e-01
8.846423601259310043e-01 3.237219189361962322e+02 6.590000000000000302e-01
8.845718382329964546e-01 3.237286454313604054e+02 6.590000000000000302e-01
8.845198231412192413e-01 3.237329983023226987e+02 6.590000000000000302e-01
8.844877992162339941e-01 3.237349076909895302e+02 6.590000000000000302e-01
8.844759732463067792e-01 3.237344399699602491e+02 6.590000000000000302e-01
8.844836872881325363e-01 3.237317995771574033e+02 6.590000000000000302e-01
8.845096991565258859e-01 3.237271320244328194e+02 6.590000000000000302e-01
8.845512144195316617e-01 3.237209572127271144e+02 6.590000000000000302e-01
8.846049445838237713e-01 3.237136356056388991e+02 6.590000000000000302e-01
8.846671923522437808e-01 3.237056645164004749e+02 6.590000000000000302e-01
8.847340713222954234e-01 3.236975035003932248e+02 6.590000000000000302e-01
8.848002146784085253e-01 3.236899750126470394e+02 6.590000000000000302e-01
8.848613367784438077e-01 3.236833520149181709e+02 6.590000000000000302e-01
8.849149621386489528e-01 3.236777925330317771e+02 6.590000000000000302e-01
8.849582627122981604e-01 3.236737316391886452e+02 6.590000000000000302e-01
8.849873342089903394e-01 3.236717292070209169e+02 6.590000000000000302e-01
8.849984600179698901e-01 3.236721813836349497e+02 6.590000000000000302e-01
8.849891798527079745e-01 3.236751808742184835e+02 6.590000000000000302e-01
8.849595000111116772e-01 3.236804928605269538e+02 6.590000000000000302e-01
8.849103427573591363e-01 3.236880233939177174e+02 6.590000000000000302e-01
8.848411426157901660e-01 3.236980193573213569e+02 6.590000000000000302e-01
8.847519404503750851e-01 3.237102821900188587e+02 6.590000000000000302e-01
8.846452124684679452e-01 3.237243184573101757e+02 6.590000000000000302e-01
8.845263805830343440e-01 3.237391550672723497e+02 6.590000000000000302e-01
8.844037187467496119e-01 3.237536070632924066e+02 6.590000000000000302e-01
8.842855981104189578e-01 3.237667766169457195e+02 6.590000000000000302e-01
8.841795875622074918e-01 3.237778686976758991e+02 6.590000000000000302e-01
8.840925522517880664e-01 3.237861291144863571e+02 6.590000000000000302e-01
8.840310467280108053e-01 3.237908147313261225e+02 6.590000000000000302e-01
8.839994748428813276e-01 3.237916899744944885e+02 6.590000000000000302e-01
8.839994166185936031e-01 3.237888080501380728e+02 6.590000000000000302e-01
8.840302880260252349e-01 3.237824604090550906e+02 6.590000000000000302e-01
8.840918868113070150e-01 3.237724509678009781e+02 6.590000000000000302e-01
8.841828279749134323e-01 3.237592224872828979e+02 6.590000000000000302e-01
8.843001892790077756e-01 3.237431727338081942e+02 6.590000000000000302e-01
8.844396041029883859e-01 3.237249716234833841e+02 6.590000000000000302e-01
8.845972834659766582e-01 3.237049023568117150e+02 6.590000000000000302e-01
8.847752965778813428e-01 3.236819996410313820e+02 6.590000000000000302e-01
8.849734631702310672e-01 3.236569165970395829e+02 6.590000000000000302e-01
8.851870963966543826e-01 3.236304979492759344e+02 6.590000000000000302e-01
8.854083743787888316e-01 3.236039404452968142e+02 6.590000000000000302e-01
8.856244812135368738e-01 3.235793009936687668e+02 6.590000000000000302e-01
8.858164992291570616e-01 3.235593981428285133e+02 6.590000000000000302e-01
8.859627980765880650e-01 3.235469128885462737e+02 6.590000000000000302e-01
8.860483037474043977e-01 3.235427056108055126e+02 6.590000000000000302e-01
8.860671640383345204e-01 3.235466860099646169e+02 6.590000000000000302e-01
8.860248635368375147e-01 3.235570408825038839e+02 6.590000000000000302e-01
8.859349365479777250e-01 3.235716029640533975e+02 6.590000000000000302e-01
8.858128114029460987e-01 3.235885487709914514e+02 6.590000000000000302e-01
8.856747859960307778e-01 3.236058234776252220e+02 6.590000000000000302e-01
8.855360848114234296e-01 3.236218319778087675e+02 6.590000000000000302e-01
8.854076084282430648e-01 3.236357721884867829e+02 6.590000000000000302e-01
8.852963905986663828e-01 3.236471301330420829e+02 6.590000000000000302e-01
8.852078074024507526e-01 3.236553489766121174e+02 6.590000000000000302e-01
8.851441856716781853e-01 3.236605314981325137e+02 6.590000000000000302e-01
8.851051626182665499e-01 3.236629156704449883e+02 6.590000000000000302e-01
8.850913025727082939e-01 3.236621875286533054e+02 6.590000000000000302e-01
8.851063820525829628e-01 3.236576497637557850e+02 6.590000000000000302e-01
8.851512621914461310e-01 3.236496680720157428e+02 6.590000000000000302e-01
8.852240064119578644e-01 3.236386243761447759e+02 6.590000000000000302e-01
8.853194388685216021e-01 3.236254886359469651e+02 6.590000000000000302e-01
8.854280154184508422e-01 3.236117943656516900e+02 6.590000000000000302e-01
8.855381114972876722e-01 3.235990107132175808e+02 6.590000000000000302e-01
8.856384602920335247e-01 3.235883591175922334e+02 6.590000000000000302e-01
8.857200537816095620e-01 3.235806682652169002e+02 6.590000000000000302e-01
8.857764301135762075e-01 3.235764760411228167e+02 6.590000000000000302e-01
8.858055885096083326e-01 3.235755341491381500e+02 6.590000000000000302e-01
8.858091673549091105e-01 3.235774005306143408e+02 6.590000000000000302e-01
8.857904963536497034e-01 3.235815182066585294e+02 6.590000000000000302e-01
8.857531819121629013e-01 3.235875389017947441e+02 6.590000000000000302e-01
8.857010422008392281e-01 3.235949415486172711e+02 6.590000000000000302e-01
8.856387874666645788e-01 3.236030798921576661e+02 6.590000000000000302e-01
8.855696411313737082e-01 3.236118042403490449e+02 6.590000000000000302e-01
8.854955597943900969e-01 3.236209489190273985e+02 6.590000000000000302e-01
8.854183305199300191e-01 3.236302936900809186e+02 6.590000000000000302e-01
8.853425400225157782e-01 3.236389159150937758e+02 6.590000000000000302e-01
8.852738211343206265e-01 3.236462120974474601e+02 6.590000000000000302e-01
8.852137616755331173e-01 3.236525004759914736e+02 6.590000000000000302e-01
8.851626121695249649e-01 3.236576986687636577e+02 6.590000000000000302e-01
8.851206977517013241e-01 3.236617829412824108e+02 6.590000000000000302e-01
8.850877346604211215e-01 3.236648615799093136e+02 6.590000000000000302e-01
8.850630359087269250e-01 3.236670402450665733e+02 6.590000000000000302e-01
8.850459274231661233e-01 3.236683806488035202e+02 6.590000000000000302e-01
8.850345280685242288e-01 3.236692733090933984e+02 6.590000000000000302e-01
8.850265358501154811e-01 3.236699702066481450e+02 6.590000000000000302e-01
8.850199311938070634e-01 3.236706752375072824e+02 6.590000000000000302e-01
8.850124920363602321e-01 3.236716982163659964e+02 6.590000000000000302e-01
8.849985988141230164e-01 3.236741354805362221e+02 6.590000000000000302e-01
8.849725445230075538e-01 3.236784470484013809e+02 6.590000000000000302e-01
8.849306081310804872e-01 3.236849154871677570e+02 6.590000000000000302e-01
8.848731526439594930e-01 3.236930267687350806e+02 6.590000000000000302e-01
8.848039004164549581e-01 3.237021014452138274e+02 6.590000000000000302e-01
8.847258096575288944e-01 3.237120105988506680e+02 6.590000000000000302e-01
8.846415659184302394e-01 3.237223591696412086e+02 6.590000000000000302e-01
8.845533177688754689e-01 3.237330240855909551e+02 6.590000000000000302e-01
8.844626160666081427e-01 3.237438320184531904e+02 6.590000000000000302e-01
8.843708757688095723e-01 3.237546310120164321e+02 6.590000000000000302e-01
8.842777388674561978e-01 3.237656922974699114e+02 6.590000000000000302e-01
8.841834867873369364e-01 3.237767899386645922e+02 6.590000000000000302e-01
8.840890437916786304e-01 3.237878207471443375e+02 6.590000000000000302e-01
8.839949851095347810e-01 3.237987617088626280e+02 6.590000000000000302e-01
8.839015429698656723e-01 3.238096107520782994e+02 6.590000000000000302e-01
8.838089428925004487e-01 3.238203309410363886e+02 6.590000000000000302e-01
8.837170578505855190e-01 3.238309892081140333e+02 6.590000000000000302e-01
