3.000000000000000000e+00 6.000000000000000000e+00
5.000000000000000000e+00 7.819076061248779297e+00
4.999979019165039062e+00 7.569101810455322266e+00
4.999450683593750000e+00 7.316238880157470703e+00
4.998347282409667969e+00 7.174790382385253906e+00
4.997624874114990234e+00 7.115416526794433594e+00
4.997299194335937500e+00 7.083204269409179688e+00
4.997185707092285156e+00 7.070529460906982422e+00
4.997134208679199219e+00 7.060331821441650391e+00
4.997111320495605469e+00 7.053076744079589844e+00
4.997101306915283203e+00 7.047922611236572266e+00
4.997096061706542969e+00 7.044084072113037109e+00
4.997093200683593750e+00 7.040956497192382812e+00
4.997093200683593750e+00 7.039236068725585938e+00
4.997091293334960938e+00 7.038515567779541016e+00
4.997086048126220703e+00 7.038287162780761719e+00
4.997078418731689453e+00 7.037922382354736328e+00
4.997072219848632812e+00 7.037693977355957031e+00
4.997066020965576172e+00 7.037538051605224609e+00
4.997061729431152344e+00 7.037497997283935547e+00
4.997057437896728516e+00 7.037706375122070312e+00
4.997053623199462891e+00 7.037687778472900391e+00
4.997050285339355469e+00 7.038202285766601562e+00
4.997046470642089844e+00 7.038831710815429688e+00
4.997042655944824219e+00 7.039570808410644531e+00
4.997037887573242188e+00 7.039773941040039062e+00
4.997034549713134766e+00 7.040258407592773438e+00
4.997033596038818359e+00 7.041510581970214844e+00
4.997028827667236328e+00 7.042290210723876953e+00
4.997024536132812500e+00 7.042286872863769531e+00
4.997025966644287109e+00 7.041893482208251953e+00
