3.000000000000000000e+00 6.000000000000000000e+00
5.815873280096042208e+00 7.158100997136847887e+00
5.191815948484747700e+00 7.094854660403836277e+00
5.034371283406202657e+00 7.048602409946796321e+00
5.000127929873255717e+00 7.023038607268208722e+00
4.995484336704241635e+00 7.010367841199464323e+00
4.996519393268076925e+00 7.004428292642892906e+00
4.997873692042679394e+00 7.001732793341723493e+00
4.998727518933180569e+00 7.000533894838624427e+00
4.999175525504945483e+00 7.000007714368995160e+00
4.999391808478795163e+00 6.999778662372764693e+00
4.999491756783811525e+00 6.999679561642560444e+00
4.999536731213130025e+00 6.999636894569907675e+00
4.999556645853066250e+00 6.999618676772294990e+00
4.999565349100715927e+00 6.999610823094943868e+00
4.999569134321288466e+00 6.999607470961331401e+00
4.999570773529349310e+00 6.999606042052126220e+00
4.999571477349829429e+00 6.999605425084536314e+00
4.999571781368504553e+00 6.999605157535760291e+00
4.999571911858709861e+00 6.999605041345706269e+00
4.999571971607402077e+00 6.999604984721225165e+00
4.999571996926895245e+00 6.999604958734418680e+00
4.999572007889547365e+00 6.999604947283942558e+00
4.999572012689946554e+00 6.999604942242656058e+00
4.999572014679298348e+00 6.999604940324982927e+00
4.999572015666812419e+00 6.999604939215792854e+00
4.999572016106953676e+00 6.999604938700119128e+00
4.999572016301956801e+00 6.999604938466048587e+00
4.999572016389101314e+00 6.999604938359943240e+00
4.999572016428358801e+00 6.999604938311792424e+00
4.999572016446136580e+00 6.999604938289921030e+00
4.999572016460660073e+00 6.999604938321647651e+00
4.999572016460115620e+00 6.999604938272240950e+00
4.999572016460204438e+00 6.999604938270745258e+00
4.999572016460807511e+00 6.999604938271149379e+00
4.999572016461001134e+00 6.999604938271416721e+00
4.999572016461010904e+00 6.999604938271557053e+00
4.999572016460978041e+00 6.999604938271630772e+00
4.999572016460956725e+00 6.999604938271664523e+00
4.999572016460945179e+00 6.999604938271681398e+00
4.999572016460938961e+00 6.999604938271687615e+00
4.999572016460937185e+00 6.999604938271691168e+00
4.999572016470611224e+00 6.999604938334197612e+00
4.999572016464296276e+00 6.999604938266861254e+00
4.999572016461925728e+00 6.999604938267701471e+00
4.999572016461693913e+00 6.999604938269711418e+00
4.999572016461466539e+00 6.999604938270746146e+00
4.999572016461241830e+00 6.999604938271247967e+00
4.999572016461091728e+00 6.999604938271485999e+00
4.999572016461010016e+00 6.999604938271599686e+00
4.999572016460970048e+00 6.999604938271650312e+00
4.999572016460948731e+00 6.999604938271675181e+00
4.999572016460941626e+00 6.999604938271686727e+00
4.999572016460938073e+00 6.999604938271689392e+00
4.999572016460935409e+00 6.999604938271692944e+00
4.999572016460933632e+00 6.999604938271695609e+00
4.999572016460935409e+00 6.999604938271693833e+00
4.999572016460935409e+00 6.999604938271695609e+00
4.999572016460933632e+00 6.999604938271695609e+00
4.999572016460934520e+00 6.999604938271695609e+00
4.999572016467385360e+00 6.999604938313363611e+00
4.999572016463174506e+00 6.999604938268474186e+00
4.999572016461594437e+00 6.999604938269031962e+00
4.999572016461442558e+00 6.999604938270371335e+00
4.999572016461288904e+00 6.999604938271063226e+00
4.999572016461138801e+00 6.999604938271397181e+00
4.999572016461040214e+00 6.999604938271556165e+00
4.999572016460984258e+00 6.999604938271630772e+00
4.999572016460957613e+00 6.999604938271664523e+00
4.999572016460944290e+00 6.999604938271682286e+00
4.999572016460938073e+00 6.999604938271691168e+00
4.999572016460936297e+00 6.999604938271692056e+00
4.999572016460935409e+00 6.999604938271692056e+00
4.999572016460935409e+00 6.999604938271694721e+00
4.999572016460932744e+00 6.999604938271694721e+00
4.999572016460934520e+00 6.999604938271694721e+00
4.999572016460934520e+00 6.999604938271694721e+00
4.999572016460933632e+00 6.999604938271693833e+00
4.999572016460933632e+00 6.999604938271693833e+00
4.999572016460933632e+00 6.999604938271695609e+00
4.999572016460934520e+00 6.999604938271693833e+00
4.999572016460934520e+00 6.999604938271695609e+00
4.999572016460934520e+00 6.999604938271694721e+00
4.999572016460933632e+00 6.999604938271692944e+00
4.999572016460933632e+00 6.999604938271695609e+00
4.999572016460933632e+00 6.999604938271694721e+00
4.999572016460934520e+00 6.999604938271694721e+00
4.999572016460934520e+00 6.999604938271694721e+00
4.999572016460933632e+00 6.999604938271694721e+00
4.999572016460933632e+00 6.999604938271694721e+00
4.999572016460935409e+00 6.999604938271694721e+00
4.999572016460932744e+00 6.999604938271694721e+00
4.999572016460934520e+00 6.999604938271694721e+00
4.999572016460933632e+00 6.999604938271694721e+00
4.999572016460935409e+00 6.999604938271694721e+00
4.999572016460933632e+00 6.999604938271694721e+00
4.999572016460934520e+00 6.999604938271694721e+00
4.999572016460934520e+00 6.999604938271694721e+00
4.999572016460933632e+00 6.999604938271694721e+00
4.999572016460933632e+00 6.999604938271694721e+00
4.999572016460935409e+00 6.999604938271694721e+00
