3.000000000000000000e+00 6.000000000000000000e+00
5.000000000000000000e+00 7.981768608093261719e+00
5.000000000000000000e+00 7.041779041290283203e+00
4.999997615814208984e+00 7.030699729919433594e+00
4.999898433685302734e+00 6.974756717681884766e+00
4.999274730682373047e+00 6.904380798339843750e+00
4.996309757232666016e+00 6.915554523468017578e+00
4.983144760131835938e+00 6.933491230010986328e+00
4.968651294708251953e+00 6.924338340759277344e+00
4.965305328369140625e+00 6.918062686920166016e+00
4.964633464813232422e+00 6.922811985015869141e+00
4.964209079742431641e+00 6.915733337402343750e+00
4.963839054107666016e+00 6.923964023590087891e+00
4.963767051696777344e+00 6.915122509002685547e+00
4.963658809661865234e+00 6.928530693054199219e+00
4.963899135589599609e+00 6.915787696838378906e+00
4.963987350463867188e+00 6.936034679412841797e+00
4.964500427246093750e+00 6.916962146759033203e+00
4.964729309082031250e+00 6.946327686309814453e+00
4.965764045715332031e+00 6.927496433258056641e+00
4.966125965118408203e+00 6.942641735076904297e+00
4.966902256011962891e+00 6.943273067474365234e+00
4.967695713043212891e+00 6.945089817047119141e+00
4.968237400054931641e+00 6.945964813232421875e+00
4.968620777130126953e+00 6.946497440338134766e+00
4.968862533569335938e+00 6.947637557983398438e+00
4.969073295593261719e+00 6.948959827423095703e+00
4.969303131103515625e+00 6.949555397033691406e+00
4.969508647918701172e+00 6.948790073394775391e+00
4.969580650329589844e+00 6.947011947631835938e+00
4.969482421875000000e+00 6.944607257843017578e+00
