1.332999999999999963e+00 4.000000000000000000e+00
3.083725374408281539e+00 4.300792232333545684e+00
3.376928080647651154e+00 4.465870507727291994e+00
3.501602354056258637e+00 4.556467377206848468e+00
3.550136965935363875e+00 4.606188034105194617e+00
3.565858327256924198e+00 4.633475283231798691e+00
3.568496163005327126e+00 4.648450840363820724e+00
3.566656335903526820e+00 4.656669601968965289e+00
3.563842395207283964e+00 4.661180155361877020e+00
3.561307875247962773e+00 4.663655577771079308e+00
3.559373485509013335e+00 4.665014092275709956e+00
3.558013661122475302e+00 4.665759664115780581e+00
3.557103707945971749e+00 4.666168865791489040e+00
3.556514502261174826e+00 4.666393435246216193e+00
3.556141845286999725e+00 4.666516688739082319e+00
3.555910259521662731e+00 4.666584343359923004e+00
3.555768305568319576e+00 4.666621478028362802e+00
3.555682233831372496e+00 4.666641864636098980e+00
3.555630497166905268e+00 4.666653061265843228e+00
3.555599630274583589e+00 4.666659209840405609e+00
3.555581342234236608e+00 4.666662582914544721e+00
3.555570584225655306e+00 4.666664429248934987e+00
3.555564268719379140e+00 4.666665443493586807e+00
3.555560584783947764e+00 4.666665998927417291e+00
3.555558447063708272e+00 4.666666302516540910e+00
3.555557210787693379e+00 4.666666468441980520e+00
3.555556496581918857e+00 4.666666559328580988e+00
3.555556086249584080e+00 4.666666608920262860e+00
3.555555852770295733e+00 4.666666635740652325e+00
3.555555721312662065e+00 4.666666650109897674e+00
3.555555648106835775e+00 4.666666657737762236e+00
3.555555602262455039e+00 4.666666662537886090e+00
3.555555581918059538e+00 4.666666664417645549e+00
3.555555570355965589e+00 4.666666665447184670e+00
1.663118698130057194e+00 2.661321355317305404e+00
4.106177443983400011e+00 3.866902051889808956e+00
4.033311287497717501e+00 4.227746486650683977e+00
3.859928859876163632e+00 4.726574350774789934e+00
3.709448000093505726e+00 4.699544708413545990e+00
3.632795971822981418e+00 4.684710519794962558e+00
3.593984911145006400e+00 4.676569343999808837e+00
3.574472161292804095e+00 4.672101375657428335e+00
3.564744177391994118e+00 4.669649304936281276e+00
3.559943687546277769e+00 4.668303591486555604e+00
3.557604529662004467e+00 4.667565045394236556e+00
3.556482895087232698e+00 4.667159721048818710e+00
3.555956294557967912e+00 4.666937271533504017e+00
3.555716108518057972e+00 4.666815185207000560e+00
3.555611085577058628e+00 4.666748180732275486e+00
3.555568149239582088e+00 4.666711405140992142e+00
3.555552644086262148e+00 4.666691215468567577e+00
3.555548543331779499e+00 4.666680120104173213e+00
3.555548738849830137e+00 4.666674031611893980e+00
3.555550191974873098e+00 4.666670689473320977e+00
3.555551734792079976e+00 4.666668859888585708e+00
3.555552988007103732e+00 4.666667858724895979e+00
3.555553899225886383e+00 4.666667309907198025e+00
3.555554521218654784e+00 4.666667011656566721e+00
3.555554924991781274e+00 4.666666851319131837e+00
3.555555177855332261e+00 4.666666765499331682e+00
3.555555332512065903e+00 4.666666719702301513e+00
3.555555425140367820e+00 4.666666695360042638e+00
3.555555479584320278e+00 4.666666682468953553e+00
3.555555514478870638e+00 4.666666673356247408e+00
3.555555531731759977e+00 4.666666670302639375e+00
3.555555541859351631e+00 4.666666668631103576e+00
3.555555547750721690e+00 4.666666667721954376e+00
3.555555551459543384e+00 4.666666667116903255e+00
3.555555554224505865e+00 4.666666666745742376e+00
1.496797967966331910e+00 2.608449570752295887e+00
3.479099239118932818e+00 3.537093155638109998e+00
3.815743032705868121e+00 3.745951320221494907e+00
3.900469152056349476e+00 4.161367320905701384e+00
3.855773793491166224e+00 4.389352448174292043e+00
3.781196129304979170e+00 4.514473337870479774e+00
3.712799990288745189e+00 4.583141164063385453e+00
3.660189137468876197e+00 4.620826871813568104e+00
3.623042745808131126e+00 4.641509231682051428e+00
3.598116064425046279e+00 4.652859971481117185e+00
3.581944227263203384e+00 4.659089391902890398e+00
3.571701413067795983e+00 4.662508172013003716e+00
3.565329523720190963e+00 4.664384440472978177e+00
3.561420689988200383e+00 4.665414141220912470e+00
3.559049448496152124e+00 4.665979245020096755e+00
3.557624056566054183e+00 4.666289371125077245e+00
3.556773671654295477e+00 4.666459583142368750e+00
3.556269580007378028e+00 4.666553004896471180e+00
3.555972407786958112e+00 4.666604279216588935e+00
3.555798046499055509e+00 4.666632422590409668e+00
3.555696169468675283e+00 4.666647869717526653e+00
3.555636842771372486e+00 4.666656351922124912e+00
3.555602397586276275e+00 4.666661011005229120e+00
3.555582465562905359e+00 4.666663568473578216e+00
3.555570981416164233e+00 4.666664969398587992e+00
3.555564399101831530e+00 4.666665734342598348e+00
3.555560592692775135e+00 4.666666157527609826e+00
3.555558416868836780e+00 4.666666388922795505e+00
3.555557175538628378e+00 4.666666515434553020e+00
3.555556467111709473e+00 4.666666584758286440e+00
3.555556067641736373e+00 4.666666622316446578e+00
