1.332999999999999963e+00 4.000000000000000000e+00
2.964392308109866203e+00 4.348347837197798604e+00
3.411251605296783840e+00 4.520501142959374441e+00
3.526490934945979205e+00 4.601068587426588863e+00
3.552833756068168647e+00 4.637595531407824545e+00
3.557165274918490994e+00 4.653830608284119208e+00
3.556922899566776319e+00 4.660954018824171818e+00
3.556187007344903339e+00 4.664052713963959818e+00
3.555681453954108839e+00 4.665392636228744117e+00
3.555407962079340844e+00 4.665969811329297556e+00
3.555273717365335706e+00 4.666217727130979043e+00
3.555211118360901867e+00 4.666323978257485905e+00
3.555182779414595373e+00 4.666369363677036475e+00
3.555170218944700089e+00 4.666388794887341263e+00
3.555164708394696227e+00 4.666397088937073612e+00
3.555162311155680044e+00 4.666400625402081559e+00
3.555161278323275997e+00 4.666402139345053435e+00
3.555160832734816090e+00 4.666402788870554375e+00
3.555160641545072053e+00 4.666403068081198313e+00
3.555160557062922777e+00 4.666403192924774679e+00
3.555160521370967164e+00 4.666403248445893936e+00
3.555160505911210578e+00 4.666403272908893562e+00
3.555160499142481001e+00 4.666403283687322379e+00
3.555160496239930357e+00 4.666403288201403932e+00
3.555160494891860257e+00 4.666403290368506873e+00
3.555160494300568352e+00 4.666403291357949179e+00
3.555160494039755648e+00 4.666403291807203146e+00
3.555160493923271048e+00 4.666403292011207071e+00
3.555160493870765048e+00 4.666403292103892042e+00
3.555160493846973857e+00 4.666403292146017456e+00
3.555160493836167834e+00 4.666403292165167471e+00
3.555160493832232760e+00 4.666403292185128393e+00
3.555160493828982915e+00 4.666403292183655793e+00
3.555160493827452584e+00 4.666403292182376816e+00
3.555160493827073775e+00 4.666403292181724005e+00
3.555160493827054236e+00 4.666403292181407814e+00
3.555160493827096424e+00 4.666403292181257711e+00
3.555160493827126622e+00 4.666403292181188434e+00
3.555160493827143497e+00 4.666403292181156459e+00
3.555160493827151935e+00 4.666403292181142248e+00
3.555160493827155488e+00 4.666403292181136031e+00
3.555160493827157708e+00 4.666403292181132478e+00
3.555160493828622759e+00 4.666403292198014974e+00
3.555160493827100421e+00 4.666403292189867713e+00
3.555160493826329038e+00 4.666403292185249185e+00
3.555160493826454715e+00 4.666403292183044726e+00
3.555160493826740709e+00 4.666403292182012663e+00
3.555160493826944990e+00 4.666403292181534823e+00
3.555160493827056012e+00 4.666403292181314555e+00
3.555160493827111079e+00 4.666403292181214191e+00
3.555160493827137724e+00 4.666403292181168005e+00
3.555160493827148382e+00 4.666403292181146689e+00
3.555160493827154156e+00 4.666403292181137807e+00
3.555160493827156820e+00 4.666403292181133367e+00
3.555160493827158152e+00 4.666403292181130702e+00
3.555160493827157708e+00 4.666403292181130702e+00
3.555160493827158597e+00 4.666403292181129814e+00
3.555160493827159485e+00 4.666403292181129814e+00
3.555160493827159041e+00 4.666403292181129814e+00
3.555160493827159041e+00 4.666403292181129814e+00
3.555160493828135593e+00 4.666403292192384811e+00
3.555160493827119961e+00 4.666403292186955376e+00
3.555160493826604817e+00 4.666403292183876061e+00
3.555160493826689638e+00 4.666403292182406126e+00
3.555160493826880153e+00 4.666403292181717788e+00
3.555160493827015600e+00 4.666403292181399820e+00
3.555160493827090651e+00 4.666403292181253271e+00
3.555160493827127066e+00 4.666403292181185769e+00
3.555160493827144386e+00 4.666403292181154683e+00
3.555160493827152379e+00 4.666403292181140472e+00
3.555160493827155488e+00 4.666403292181135143e+00
3.555160493827157264e+00 4.666403292181132478e+00
3.555160493827158597e+00 4.666403292181130702e+00
3.555160493827159485e+00 4.666403292181129814e+00
3.555160493827158597e+00 4.666403292181129814e+00
3.555160493827159041e+00 4.666403292181129814e+00
3.555160493827159041e+00 4.666403292181129814e+00
3.555160493827158597e+00 4.666403292181129814e+00
3.555160493827158597e+00 4.666403292181129814e+00
3.555160493827158597e+00 4.666403292181129814e+00
3.555160493827159041e+00 4.666403292181129814e+00
3.555160493827159041e+00 4.666403292181129814e+00
3.555160493827159041e+00 4.666403292181129814e+00
3.555160493827159041e+00 4.666403292181128926e+00
3.555160493827158597e+00 4.666403292181129814e+00
3.555160493827158597e+00 4.666403292181129814e+00
3.555160493827159041e+00 4.666403292181129814e+00
3.555160493827159041e+00 4.666403292181129814e+00
3.555160493827158597e+00 4.666403292181129814e+00
3.555160493827158597e+00 4.666403292181129814e+00
3.555160493827159485e+00 4.666403292181129814e+00
3.555160493827158597e+00 4.666403292181129814e+00
3.555160493827159041e+00 4.666403292181129814e+00
3.555160493827158597e+00 4.666403292181129814e+00
3.555160493827159485e+00 4.666403292181129814e+00
3.555160493827159041e+00 4.666403292181129814e+00
3.555160493827159041e+00 4.666403292181129814e+00
3.555160493827159041e+00 4.666403292181129814e+00
3.555160493827158597e+00 4.666403292181129814e+00
3.555160493827158597e+00 4.666403292181129814e+00
3.555160493827159485e+00 4.666403292181129814e+00
