1.332999999999999963e+00 4.000000000000000000e+00
3.083725374408281539e+00 4.300792232333545684e+00
3.376928080647651154e+00 4.465870507727291994e+00
3.501602354056258637e+00 4.556467377206848468e+00
3.550136965935363875e+00 4.606188034105194617e+00
3.565858327256924198e+00 4.633475283231798691e+00
3.568496163005327126e+00 4.648450840363820724e+00
3.566656335903526820e+00 4.656669601968965289e+00
3.563842395207283964e+00 4.661180155361877020e+00
3.561307875247962773e+00 4.663655577771079308e+00
3.559373485509013335e+00 4.665014092275709956e+00
3.558013661122475302e+00 4.665759664115780581e+00
3.557103707945971749e+00 4.666168865791489040e+00
3.556514502261174826e+00 4.666393435246216193e+00
3.556141845286999725e+00 4.666516688739082319e+00
3.555910259521662731e+00 4.666584343359923004e+00
3.555768305568319576e+00 4.666621478028362802e+00
3.555682233831372496e+00 4.666641864636098980e+00
3.555630497166905268e+00 4.666653061265843228e+00
3.555599630274583589e+00 4.666659209840405609e+00
3.555581342234236608e+00 4.666662582914544721e+00
3.555570584225655306e+00 4.666664429248934987e+00
3.555564268719379140e+00 4.666665443493586807e+00
3.555560584783947764e+00 4.666665998927417291e+00
3.555558447063708272e+00 4.666666302516540910e+00
3.555557210787693379e+00 4.666666468441980520e+00
3.555556496581918857e+00 4.666666559328580988e+00
3.555556086249584080e+00 4.666666608920262860e+00
3.555555852770295733e+00 4.666666635740652325e+00
3.555555721312662065e+00 4.666666650109897674e+00
3.555555648106835775e+00 4.666666657737762236e+00
3.555555602262455039e+00 4.666666662537886090e+00
3.555555581918059538e+00 4.666666664417645549e+00
3.555555570355965589e+00 4.666666665447184670e+00
3.555555563944915232e+00 4.666666666015486520e+00
3.555555559846746760e+00 4.666666666365221872e+00
3.555555556929622885e+00 4.666666666595930657e+00
3.555555554411591324e+00 4.666666666740606040e+00
3.555555556909763659e+00 4.666666666554456278e+00
3.555555554459264744e+00 4.666666666798580110e+00
3.555555556827273644e+00 4.666666666419406084e+00
3.555555554692587439e+00 4.666666667112419731e+00
3.555555554853658151e+00 4.666666666843783062e+00
3.555555556808999373e+00 4.666666665795826674e+00
3.555555558969022645e+00 4.666666669139218016e+00
3.555555555324058759e+00 4.666666667748012642e+00
3.555555551054169428e+00 4.666666665396144609e+00
3.555555554635515314e+00 4.666666666136971564e+00
3.555555557802021927e+00 4.666666666991904577e+00
3.555555554916429273e+00 4.666666666660045593e+00
3.555555557638929276e+00 4.666666666687653731e+00
3.555555554968066190e+00 4.666666666661249074e+00
3.555555557703850234e+00 4.666666666685999942e+00
3.555555555028178993e+00 4.666666666662319329e+00
3.555555557783361742e+00 4.666666666684648135e+00
3.555555555100568199e+00 4.666666666663314089e+00
3.555555557882349227e+00 4.666666666683505049e+00
3.555555555188887329e+00 4.666666666664268881e+00
3.555555555408435264e+00 4.666666666665691743e+00
3.555555555575309779e+00 4.666666666666784202e+00
3.555555555507197596e+00 4.666666666666383634e+00
3.555555555671801482e+00 4.666666666667337537e+00
3.555555555508785659e+00 4.666666666666407615e+00
3.555555555673374446e+00 4.666666666667309116e+00
3.555555555510139687e+00 4.666666666666427155e+00
3.555555555676192636e+00 4.666666666667297569e+00
3.555555555512157184e+00 4.666666666666447583e+00
3.555555555677828661e+00 4.666666666667275365e+00
3.555555555513838062e+00 4.666666666666466234e+00
3.555555555679990043e+00 4.666666666667258490e+00
3.555555555516067834e+00 4.666666666666485774e+00
3.555555555682031521e+00 4.666666666667238061e+00
3.555555555517903255e+00 4.666666666666502650e+00
3.555555555683828306e+00 4.666666666667219410e+00
3.555555555519415378e+00 4.666666666666517749e+00
3.555555555686328528e+00 4.666666666667197205e+00
3.555555555521400457e+00 4.666666666666533736e+00
3.555555555689936753e+00 4.666666666667185659e+00
3.555555555524857247e+00 4.666666666666552388e+00
3.555555555692571534e+00 4.666666666667170560e+00
3.555555555527180722e+00 4.666666666666565710e+00
3.555555555695840475e+00 4.666666666667161678e+00
3.555555555530077960e+00 4.666666666666580809e+00
3.555555555700685932e+00 4.666666666667149244e+00
3.555555555534363421e+00 4.666666666666600349e+00
3.555555555536598522e+00 4.666666666666650087e+00
3.555555555675217860e+00 4.666666666666771768e+00
3.555555555511976884e+00 4.666666666666627883e+00
3.555555555676705115e+00 4.666666666666776209e+00
3.555555555513444155e+00 4.666666666666627883e+00
3.555555555678643564e+00 4.666666666666784202e+00
3.555555555515331090e+00 4.666666666666628771e+00
3.555555555680559809e+00 4.666666666666787755e+00
3.555555555517123878e+00 4.666666666666629659e+00
3.555555555684037028e+00 4.666666666666791308e+00
3.555555555520200528e+00 4.666666666666632324e+00
3.555555555687654579e+00 4.666666666666798413e+00
3.555555555523251865e+00 4.666666666666634100e+00
3.555555555692622605e+00 4.666666666666807295e+00
3.555555555527665224e+00 4.666666666666638541e+00
