1.332999999999999963e+00 4.000000000000000000e+00
2.437764682677117101e+00 4.547163951715724295e+00
2.937487017317811144e+00 4.772263583071297610e+00
3.175707338423527037e+00 4.819741670432860836e+00
3.303022643265708602e+00 4.803251588720375942e+00
3.379296843314988141e+00 4.776342460643401289e+00
3.428613505035785991e+00 4.751885244681141707e+00
3.461666451111609533e+00 4.734650355831542257e+00
3.484111294798814651e+00 4.722124280301692956e+00
3.499558372761443437e+00 4.713067552238703328e+00
3.510297312364343281e+00 4.706546801106269662e+00
3.517827253948432098e+00 4.701813542933160228e+00
3.523166574210101487e+00 4.698275126318618433e+00
3.526966841911159278e+00 4.695815718052076981e+00
3.529630258737312065e+00 4.694249246477189885e+00
3.531445061419301812e+00 4.693320835087028797e+00
3.532660032439610465e+00 4.692701579847541105e+00
3.533471414567398661e+00 4.692293013626380294e+00
3.534011124626256439e+00 4.692021884682771038e+00
3.534366433845705480e+00 4.691861029716578813e+00
3.534582844980193261e+00 4.691835414557791850e+00
3.534705957978108604e+00 4.691815762934800738e+00
3.534747949246371590e+00 4.691959728670108909e+00
3.534702991478319234e+00 4.692228061624246216e+00
3.534577072661825525e+00 4.692597638465883847e+00
3.534412966626137020e+00 4.692861574535734270e+00
3.534236707064935867e+00 4.693152148341947161e+00
3.534007762934942232e+00 4.693688252518219528e+00
3.533719319740240117e+00 4.694216978486831060e+00
3.533442554628219323e+00 4.694506151333951216e+00
3.533249392492486596e+00 4.694546527856379825e+00
