1.332999999999999963e+00 4.000000000000000000e+00
2.428950258750620428e+00 4.596100606262599975e+00
2.950488886363820118e+00 4.640506000071930259e+00
3.227566058271702065e+00 4.661543623650666213e+00
3.377982316287041709e+00 4.656262095970952863e+00
3.465129514679802458e+00 4.632195005737875348e+00
3.515851153266249529e+00 4.622347683960378539e+00
3.536957889927966114e+00 4.622338571190327983e+00
3.540320398245779820e+00 4.619580491201211281e+00
3.541098359966324605e+00 4.616179125221969493e+00
3.541610523024037782e+00 4.615740982530732950e+00
3.542115989004971155e+00 4.613371313767897774e+00
3.542245025798297586e+00 4.614546510408821689e+00
3.542493606908240000e+00 4.612532042078210104e+00
3.542280678092284862e+00 4.615459530681273570e+00
3.542356162134879582e+00 4.613233201372629821e+00
3.541842421849958011e+00 4.618101474288381247e+00
3.541833757572023345e+00 4.615036393484910349e+00
3.541048566185771573e+00 4.622187136659491102e+00
3.540690635044244861e+00 4.620447288059359892e+00
3.540273288216183367e+00 4.624047998918968005e+00
3.539686583474029202e+00 4.626214005730150625e+00
3.539268002563050075e+00 4.627949200282770903e+00
3.538935819029802143e+00 4.629164684795021856e+00
3.538688457743858429e+00 4.629991966933279635e+00
3.538454761273643889e+00 4.630788927483400208e+00
3.538206706144772618e+00 4.631624036571270864e+00
3.537993245375111506e+00 4.632261499866482168e+00
3.537901266473072681e+00 4.632381163291722892e+00
3.537964215192546558e+00 4.631912003883520867e+00
3.538172948915085492e+00 4.630931219284186717e+00
