1.332999999999999963e+00 4.000000000000000000e+00
3.083725374408281539e+00 4.300792232333545684e+00
3.376928080647651154e+00 4.465870507727291994e+00
3.501602354056258637e+00 4.556467377206848468e+00
3.550136965935363875e+00 4.606188034105194617e+00
3.565858327256924198e+00 4.633475283231798691e+00
3.568496163005327126e+00 4.648450840363820724e+00
3.566656335903526820e+00 4.656669601968965289e+00
3.563842395207283964e+00 4.661180155361877020e+00
3.561307875247962773e+00 4.663655577771079308e+00
3.559373485509013335e+00 4.665014092275709956e+00
3.558013661122475302e+00 4.665759664115780581e+00
3.557103707945971749e+00 4.666168865791489040e+00
3.556514502261174826e+00 4.666393435246216193e+00
3.556141845286999725e+00 4.666516688739082319e+00
3.555910259521662731e+00 4.666584343359923004e+00
3.555768305568319576e+00 4.666621478028362802e+00
3.555682233831372496e+00 4.666641864636098980e+00
3.555630497166905268e+00 4.666653061265843228e+00
3.555599630274583589e+00 4.666659209840405609e+00
3.555581342234236608e+00 4.666662582914544721e+00
3.555570584225655306e+00 4.666664429248934987e+00
3.555564268719379140e+00 4.666665443493586807e+00
3.555560584783947764e+00 4.666665998927417291e+00
4.308336751655785335e+00 5.455879629524235774e+00
3.849617347028007952e+00 4.799003711669408645e+00
3.687888889808716986e+00 4.739294790788801670e+00
3.612237993121336199e+00 4.706525838412503937e+00
3.577913444172350133e+00 4.688541847571489285e+00
3.563023686907481391e+00 4.678672032680639248e+00
3.557018730976227783e+00 4.673255386395399391e+00
3.554912200386755039e+00 4.670282654800327116e+00
3.554408705605229368e+00 4.668651185163268380e+00
3.554490534207560337e+00 4.667755816796945290e+00
3.554731990781292872e+00 4.667264422922409395e+00
3.554972371323197766e+00 4.666994731264669127e+00
3.555163501600345111e+00 4.666846729336541877e+00
3.555300883331831141e+00 4.666765497021454046e+00
3.555394130149572618e+00 4.666720881616075900e+00
3.555455115412022860e+00 4.666696386611212333e+00
3.555493960148750965e+00 4.666682950781497752e+00
3.555518221108845189e+00 4.666675584884198535e+00
3.555533135582779281e+00 4.666671551931778517e+00
3.555542181543304814e+00 4.666669348012796092e+00
3.555547653094278893e+00 4.666668131314484214e+00
3.555550916815628071e+00 4.666667465897391232e+00
3.555552848849750980e+00 4.666667102328051264e+00
3.555553986431358560e+00 4.666666903546540901e+00
3.555554653779080088e+00 4.666666794699058762e+00
3.913226107717052038e+00 4.089922967464516113e+00
3.878458754055321922e+00 4.350142956862695698e+00
3.802253345415191887e+00 4.492954712857569533e+00
3.729080285378409965e+00 4.571331483334493129e+00
3.671716470349219108e+00 4.614345585190251953e+00
3.630791886970264226e+00 4.637952222567141014e+00
3.603149738228136112e+00 4.650907843465581948e+00
3.585135308163903467e+00 4.658018040788416414e+00
3.573687903908949082e+00 4.661920202898624410e+00
3.566548807609886129e+00 4.664061755553072786e+00
3.562160677438908074e+00 4.665237052587312583e+00
3.559494474927820562e+00 4.665882038015880084e+00
3.557889609851468293e+00 4.666236027329609293e+00
3.556931108274854036e+00 4.666430309730341008e+00
3.556362402753812990e+00 4.666536940374982123e+00
3.556026872735897015e+00 4.666595463386562059e+00
3.555829871769978112e+00 4.666627584388245431e+00
3.555714696719144197e+00 4.666645214545746434e+00
3.555647600146287779e+00 4.666654893511434921e+00
3.555608625802404887e+00 4.666660209921914770e+00
3.555586058499085489e+00 4.666663129039575253e+00
3.555573043667522803e+00 4.666664729126869915e+00
3.555565575583115923e+00 4.666665603554383424e+00
3.555561265544536109e+00 4.666666085962605237e+00
3.555558800484099446e+00 4.666666349822346405e+00
4.057181600388488185e+00 5.118662464743485963e+00
3.731629583349147072e+00 4.914727239998751607e+00
3.597731664956159925e+00 4.802805221115701073e+00
3.548816568741054223e+00 4.741381120211889844e+00
3.535455429169776842e+00 4.707670847827864158e+00
3.535522935957021051e+00 4.689170287290103545e+00
3.539621303403245545e+00 4.679016973792287537e+00
3.544099417247526862e+00 4.673444722172276578e+00
3.547780282702865051e+00 4.670386618871570583e+00
3.550471696806904554e+00 4.668708350151534958e+00
3.552317200998378333e+00 4.667787254250288953e+00
3.553532247004937528e+00 4.667281715882294790e+00
3.554310054714297618e+00 4.667004261099326534e+00
3.554797847793363275e+00 4.666851973895050243e+00
3.555099002890233617e+00 4.666768383389653607e+00
3.555282642984848085e+00 4.666722500455705358e+00
3.555393508182215445e+00 4.666697315040181593e+00
3.555459906295080241e+00 4.666683484605518295e+00
3.555499404882518366e+00 4.666675888488959423e+00
3.555522756167096787e+00 4.666671718840675886e+00
3.555536473623297500e+00 4.666669434000237260e+00
3.555544477648365120e+00 4.666668185374956757e+00
3.555549165823034485e+00 4.666667496298662066e+00
3.555551883822043457e+00 4.666667119390139895e+00
3.555553453684465737e+00 4.666666913381027015e+00
3.555554358970940854e+00 4.666666800616900090e+00
