2.000000000000000000e+00
4.953445636906249838e+00
4.472910825785525901e+00
4.236361810062213351e+00
4.119134567859653373e+00
4.060600423459472808e+00
4.031128796156212779e+00
4.016153947554839121e+00
4.008471328877444506e+00
4.004489458716622430e+00
4.002403947847481547e+00
4.001300117293729031e+00
4.000709772135820685e+00
4.000390869879105971e+00
4.000216988663350293e+00
4.000121310165261512e+00
4.000068232673447355e+00
4.000038584423751153e+00
4.000021932424733251e+00
4.000012513318520924e+00
4.000007166259195834e+00
4.000004123779418386e+00
4.000002375956213996e+00
4.000001374058674841e+00
4.000000796915861301e+00
4.000000463681320895e+00
4.000000270865996299e+00
4.000000158900460789e+00
4.000000093693227399e+00
4.000000055769358909e+00
4.000000033236709385e+00
