2.000000000000000000e+00 6.666666666666666297e-01
2.973691769729907897e+00 1.110853392829792341e+00
3.467954215850821420e+00 1.282357703557678308e+00
3.721282725566918081e+00 1.340905174281411316e+00
3.852446527793050635e+00 1.355406229233586224e+00
3.921070439833688415e+00 1.354561274087398015e+00
3.957354509172061885e+00 1.349665126917554359e+00
3.976739506063334151e+00 1.344725910740145913e+00
3.987200825214082034e+00 1.340859801697444675e+00
3.992900538003891775e+00 1.338139142404245252e+00
3.996033612590667694e+00 1.336332381507840728e+00
3.997769880025449307e+00 1.335174776044409262e+00
3.998739130105222639e+00 1.334450642151699284e+00
3.999283655608718124e+00 1.334005345353539429e+00
3.999591353952154815e+00 1.333734774371373222e+00
3.999766110607848812e+00 1.333571805370617369e+00
3.999865774331168744e+00 1.333474338484034405e+00
3.999922768615614466e+00 1.333416463610604064e+00
3.999955480826330234e+00 1.333382200870119938e+00
3.999974290834431123e+00 1.333362007386985404e+00
3.999985120177361075e+00 1.333350148770755306e+00
3.999991380865437929e+00 1.333343176094906157e+00
3.999994995676523946e+00 1.333339102974994805e+00
3.999997088403660861e+00 1.333336719457523856e+00
3.999998302336222000e+00 1.333335323119564819e+00
3.999999007248401739e+00 1.333334505843513762e+00
3.999999417506044708e+00 1.333334026658839377e+00
3.999999656646946011e+00 1.333333745653751068e+00
3.999999796217185821e+00 1.333333580559918463e+00
3.999999878272375131e+00 1.333333483079447213e+00
3.999999927263017785e+00 1.333333423957971053e+00
