3.360190000000000000e+05 3.360790000000000000e+05 3.360630000000000000e+05 3.359820000000000000e+05 3.359600000000000000e+05 3.360880000000000000e+05 3.361760000000000000e+05 3.359380000000000000e+05 3.359600000000000000e+05 3.360520000000000000e+05 3.360130000000000000e+05 3.358190000000000000e+05 3.360730000000000000e+05 3.359260000000000000e+05 3.358410000000000000e+05 3.360470000000000000e+05 3.359780000000000000e+05 3.361060000000000000e+05 3.345310000000000000e+05 3.349170000000000000e+05 3.034330000000000000e+05
1.346520000000000000e+05 1.347800000000000000e+05 1.346850000000000000e+05 1.346220000000000000e+05 1.346890000000000000e+05 1.345230000000000000e+05 1.345930000000000000e+05 1.346200000000000000e+05 1.345840000000000000e+05 1.345150000000000000e+05 1.346320000000000000e+05 1.345590000000000000e+05 1.346020000000000000e+05 1.346870000000000000e+05 1.347030000000000000e+05 1.345520000000000000e+05 1.346180000000000000e+05 1.348080000000000000e+05 1.345960000000000000e+05 1.346550000000000000e+05 1.206060000000000000e+05
1.286920000000000000e+05 1.285850000000000000e+05 1.287080000000000000e+05 1.286120000000000000e+05 1.286270000000000000e+05 1.286920000000000000e+05 1.286670000000000000e+05 1.287400000000000000e+05 1.286760000000000000e+05 1.287450000000000000e+05 1.286100000000000000e+05 1.286950000000000000e+05 1.285880000000000000e+05 1.288060000000000000e+05 1.286550000000000000e+05 1.287200000000000000e+05 1.287420000000000000e+05 1.287270000000000000e+05 1.286060000000000000e+05 1.286660000000000000e+05 1.154820000000000000e+05
2.835100000000000000e+04 2.835500000000000000e+04 2.840800000000000000e+04 2.833700000000000000e+04 2.837800000000000000e+04 2.834000000000000000e+04 2.839200000000000000e+04 2.837900000000000000e+04 2.840900000000000000e+04 2.840000000000000000e+04 2.833500000000000000e+04 2.833100000000000000e+04 2.834500000000000000e+04 2.833800000000000000e+04 2.836100000000000000e+04 2.835700000000000000e+04 2.831900000000000000e+04 2.832100000000000000e+04 2.836900000000000000e+04 2.830200000000000000e+04 2.539400000000000000e+04
2.111600000000000000e+04 2.109900000000000000e+04 2.109900000000000000e+04 2.106300000000000000e+04 2.103700000000000000e+04 2.110700000000000000e+04 2.112400000000000000e+04 2.109600000000000000e+04 2.113300000000000000e+04 2.114700000000000000e+04 2.104100000000000000e+04 2.108000000000000000e+04 2.111000000000000000e+04 2.112600000000000000e+04 2.111700000000000000e+04 2.111000000000000000e+04 2.105200000000000000e+04 2.105300000000000000e+04 2.106200000000000000e+04 2.111200000000000000e+04 1.893700000000000000e+04
3.141400000000000000e+04 3.138300000000000000e+04 3.132500000000000000e+04 3.140400000000000000e+04 3.140400000000000000e+04 3.126800000000000000e+04 3.142000000000000000e+04 3.130200000000000000e+04 3.129600000000000000e+04 3.136300000000000000e+04 3.134200000000000000e+04 3.137600000000000000e+04 3.134600000000000000e+04 3.133600000000000000e+04 3.136600000000000000e+04 3.134100000000000000e+04 3.136500000000000000e+04 3.137000000000000000e+04 3.134300000000000000e+04 3.135300000000000000e+04 2.818400000000000000e+04
3.118600000000000000e+04 3.120500000000000000e+04 3.118800000000000000e+04 3.118700000000000000e+04 3.121500000000000000e+04 3.123800000000000000e+04 3.113400000000000000e+04 3.122400000000000000e+04 3.120200000000000000e+04 3.119400000000000000e+04 3.120600000000000000e+04 3.112100000000000000e+04 3.117600000000000000e+04 3.124800000000000000e+04 3.118700000000000000e+04 3.115100000000000000e+04 3.117500000000000000e+04 3.122900000000000000e+04 3.115400000000000000e+04 3.120700000000000000e+04 2.791400000000000000e+04
2.029600000000000000e+04 2.027000000000000000e+04 2.028400000000000000e+04 2.030600000000000000e+04 2.028500000000000000e+04 2.024400000000000000e+04 2.022300000000000000e+04 2.024500000000000000e+04 2.033700000000000000e+04 2.023800000000000000e+04 2.029200000000000000e+04 2.024200000000000000e+04 2.023900000000000000e+04 2.030600000000000000e+04 2.028300000000000000e+04 2.023800000000000000e+04 2.021200000000000000e+04 2.027200000000000000e+04 2.024000000000000000e+04 2.032800000000000000e+04 1.810100000000000000e+04
3.668500000000000000e+04 3.658600000000000000e+04 3.666200000000000000e+04 3.669700000000000000e+04 3.665200000000000000e+04 3.667000000000000000e+04 3.670000000000000000e+04 3.656700000000000000e+04 3.662800000000000000e+04 3.667400000000000000e+04 3.667600000000000000e+04 3.661600000000000000e+04 3.667200000000000000e+04 3.665400000000000000e+04 3.660200000000000000e+04 3.668500000000000000e+04 3.659600000000000000e+04 3.666000000000000000e+04 3.671300000000000000e+04 3.666900000000000000e+04 3.273700000000000000e+04
3.431500000000000000e+04 3.435800000000000000e+04 3.436500000000000000e+04 3.429500000000000000e+04 3.430200000000000000e+04 3.434200000000000000e+04 3.439100000000000000e+04 3.443000000000000000e+04 3.424400000000000000e+04 3.434300000000000000e+04 3.432200000000000000e+04 3.430100000000000000e+04 3.428200000000000000e+04 3.437800000000000000e+04 3.431200000000000000e+04 3.433300000000000000e+04 3.430600000000000000e+04 3.434300000000000000e+04 3.437700000000000000e+04 3.425100000000000000e+04 3.075100000000000000e+04
2.156700000000000000e+04 2.157500000000000000e+04 2.157400000000000000e+04 2.157600000000000000e+04 2.156900000000000000e+04 2.156700000000000000e+04 2.159300000000000000e+04 2.158100000000000000e+04 2.157300000000000000e+04 2.157000000000000000e+04 2.156600000000000000e+04 2.158400000000000000e+04 2.157000000000000000e+04 2.156000000000000000e+04 2.156000000000000000e+04 2.159100000000000000e+04 2.150700000000000000e+04 2.154000000000000000e+04 2.156100000000000000e+04 2.149200000000000000e+04 1.926500000000000000e+04
4.271600000000000000e+04 4.276600000000000000e+04 4.282400000000000000e+04 4.276800000000000000e+04 4.271700000000000000e+04 4.276000000000000000e+04 4.275000000000000000e+04 4.275900000000000000e+04 4.278100000000000000e+04 4.275200000000000000e+04 4.276600000000000000e+04 4.276600000000000000e+04 4.275400000000000000e+04 4.278500000000000000e+04 4.266800000000000000e+04 4.273200000000000000e+04 4.277900000000000000e+04 4.274600000000000000e+04 4.277600000000000000e+04 4.268200000000000000e+04 3.855400000000000000e+04
3.674100000000000000e+04 3.668200000000000000e+04 3.668800000000000000e+04 3.672500000000000000e+04 3.663900000000000000e+04 3.675000000000000000e+04 3.668800000000000000e+04 3.666000000000000000e+04 3.675000000000000000e+04 3.677700000000000000e+04 3.670500000000000000e+04 3.668500000000000000e+04 3.663300000000000000e+04 3.678700000000000000e+04 3.668600000000000000e+04 3.669600000000000000e+04 3.665500000000000000e+04 3.668200000000000000e+04 3.654100000000000000e+04 3.651300000000000000e+04 3.327800000000000000e+04
2.318700000000000000e+04 2.319200000000000000e+04 2.316900000000000000e+04 2.318400000000000000e+04 2.321800000000000000e+04 2.313000000000000000e+04 2.319300000000000000e+04 2.314900000000000000e+04 2.311100000000000000e+04 2.318000000000000000e+04 2.316200000000000000e+04 2.320400000000000000e+04 2.316400000000000000e+04 2.320200000000000000e+04 2.318600000000000000e+04 2.314800000000000000e+04 2.320700000000000000e+04 2.315700000000000000e+04 2.318800000000000000e+04 2.318100000000000000e+04 2.088900000000000000e+04
4.936700000000000000e+04 4.943100000000000000e+04 4.942200000000000000e+04 4.941900000000000000e+04 4.934700000000000000e+04 4.939400000000000000e+04 4.936000000000000000e+04 4.947500000000000000e+04 4.933300000000000000e+04 4.947900000000000000e+04 4.935900000000000000e+04 4.941200000000000000e+04 4.938400000000000000e+04 4.944900000000000000e+04 4.941100000000000000e+04 4.947100000000000000e+04 4.940700000000000000e+04 4.943100000000000000e+04 4.530700000000000000e+04 4.850500000000000000e+04 4.941800000000000000e+04
4.016000000000000000e+04 4.021600000000000000e+04 4.020000000000000000e+04 4.018200000000000000e+04 4.019100000000000000e+04 4.026300000000000000e+04 4.016400000000000000e+04 4.018400000000000000e+04 4.021100000000000000e+04 4.020400000000000000e+04 4.025700000000000000e+04 4.018600000000000000e+04 4.014900000000000000e+04 4.025700000000000000e+04 4.014700000000000000e+04 4.021600000000000000e+04 4.021400000000000000e+04 4.016300000000000000e+04 4.020500000000000000e+04 3.999700000000000000e+04 3.633500000000000000e+04
2.310300000000000000e+04 2.316400000000000000e+04 2.319200000000000000e+04 2.313900000000000000e+04 2.321300000000000000e+04 2.313400000000000000e+04 2.316100000000000000e+04 2.322000000000000000e+04 2.315800000000000000e+04 2.315700000000000000e+04 2.318200000000000000e+04 2.316000000000000000e+04 2.308700000000000000e+04 2.318700000000000000e+04 2.323700000000000000e+04 2.317500000000000000e+04 2.315700000000000000e+04 2.315300000000000000e+04 2.315300000000000000e+04 2.103500000000000000e+04 2.289400000000000000e+04
5.678200000000000000e+04 5.677300000000000000e+04 5.678500000000000000e+04 5.683000000000000000e+04 5.670600000000000000e+04 5.671900000000000000e+04 5.678100000000000000e+04 5.671900000000000000e+04 5.684500000000000000e+04 5.677200000000000000e+04 5.667300000000000000e+04 5.679900000000000000e+04 5.679900000000000000e+04 5.677500000000000000e+04 5.680200000000000000e+04 5.672100000000000000e+04 5.671200000000000000e+04 5.095800000000000000e+04 5.685300000000000000e+04 5.673700000000000000e+04 5.674000000000000000e+04
4.433100000000000000e+04 4.437800000000000000e+04 4.437500000000000000e+04 4.438500000000000000e+04 4.436900000000000000e+04 4.435100000000000000e+04 4.438600000000000000e+04 4.434200000000000000e+04 4.435100000000000000e+04 4.436500000000000000e+04 4.431600000000000000e+04 4.431100000000000000e+04 4.438100000000000000e+04 4.434600000000000000e+04 4.425700000000000000e+04 4.440800000000000000e+04 4.436600000000000000e+04 4.444400000000000000e+04 4.427000000000000000e+04 4.340600000000000000e+04 4.070300000000000000e+04
2.204400000000000000e+04 2.204400000000000000e+04 2.203200000000000000e+04 2.210800000000000000e+04 2.204600000000000000e+04 2.210300000000000000e+04 2.204900000000000000e+04 2.207500000000000000e+04 2.203400000000000000e+04 2.208900000000000000e+04 2.205300000000000000e+04 2.202500000000000000e+04 2.211300000000000000e+04 2.199500000000000000e+04 2.207600000000000000e+04 2.202800000000000000e+04 2.201900000000000000e+04 1.982600000000000000e+04 2.203600000000000000e+04 2.199300000000000000e+04 2.207300000000000000e+04
6.449200000000000000e+04 6.444800000000000000e+04 6.446100000000000000e+04 6.447700000000000000e+04 6.437100000000000000e+04 6.444300000000000000e+04 6.444200000000000000e+04 6.447100000000000000e+04 6.441400000000000000e+04 6.439600000000000000e+04 6.447900000000000000e+04 6.449100000000000000e+04 6.450000000000000000e+04 6.439100000000000000e+04 6.448000000000000000e+04 6.433800000000000000e+04 5.809100000000000000e+04 6.423300000000000000e+04 6.451700000000000000e+04 6.450000000000000000e+04 6.452600000000000000e+04
5.080500000000000000e+04 5.057000000000000000e+04 5.063100000000000000e+04 5.066900000000000000e+04 5.066700000000000000e+04 5.065700000000000000e+04 5.067500000000000000e+04 5.068000000000000000e+04 5.054500000000000000e+04 5.072700000000000000e+04 5.069300000000000000e+04 5.066700000000000000e+04 5.070700000000000000e+04 5.071700000000000000e+04 5.065700000000000000e+04 5.062900000000000000e+04 5.065800000000000000e+04 5.069800000000000000e+04 4.903800000000000000e+04 4.991100000000000000e+04 4.782000000000000000e+04
2.292800000000000000e+04 2.287500000000000000e+04 2.291800000000000000e+04 2.294100000000000000e+04 2.283400000000000000e+04 2.287100000000000000e+04 2.287700000000000000e+04 2.288300000000000000e+04 2.293800000000000000e+04 2.289000000000000000e+04 2.291400000000000000e+04 2.290700000000000000e+04 2.288700000000000000e+04 2.295300000000000000e+04 2.286900000000000000e+04 2.268500000000000000e+04 2.171000000000000000e+04 2.200000000000000000e+04 2.284900000000000000e+04 2.286400000000000000e+04 2.286800000000000000e+04
6.884200000000000000e+04 6.885400000000000000e+04 6.886500000000000000e+04 6.879900000000000000e+04 6.895800000000000000e+04 6.891000000000000000e+04 6.899800000000000000e+04 6.892900000000000000e+04 6.882800000000000000e+04 6.895400000000000000e+04 6.889900000000000000e+04 6.887100000000000000e+04 6.888200000000000000e+04 6.899600000000000000e+04 6.222400000000000000e+04 6.823500000000000000e+04 6.883700000000000000e+04 6.890200000000000000e+04 6.892200000000000000e+04 6.897600000000000000e+04 6.884000000000000000e+04
5.637200000000000000e+04 5.633100000000000000e+04 5.638200000000000000e+04 5.635700000000000000e+04 5.630100000000000000e+04 5.634200000000000000e+04 5.633100000000000000e+04 5.630600000000000000e+04 5.639200000000000000e+04 5.631400000000000000e+04 5.638400000000000000e+04 5.633700000000000000e+04 5.638900000000000000e+04 5.632600000000000000e+04 5.638500000000000000e+04 5.637000000000000000e+04 5.589400000000000000e+04 5.187600000000000000e+04 5.542600000000000000e+04 5.645400000000000000e+04 5.635200000000000000e+04
2.384300000000000000e+04 2.387000000000000000e+04 2.380800000000000000e+04 2.387200000000000000e+04 2.385600000000000000e+04 2.389100000000000000e+04 2.386200000000000000e+04 2.377600000000000000e+04 2.376100000000000000e+04 2.383300000000000000e+04 2.381500000000000000e+04 2.390300000000000000e+04 2.383500000000000000e+04 2.382100000000000000e+04 2.163500000000000000e+04 2.363500000000000000e+04 2.383000000000000000e+04 2.385400000000000000e+04 2.381400000000000000e+04 2.386300000000000000e+04 2.382400000000000000e+04
7.349300000000000000e+04 7.354500000000000000e+04 7.359600000000000000e+04 7.355700000000000000e+04 7.356400000000000000e+04 7.356800000000000000e+04 7.351300000000000000e+04 7.352200000000000000e+04 7.348700000000000000e+04 7.365200000000000000e+04 7.359700000000000000e+04 7.355000000000000000e+04 7.364100000000000000e+04 6.596400000000000000e+04 7.353200000000000000e+04 7.357900000000000000e+04 7.360000000000000000e+04 7.365600000000000000e+04 7.348500000000000000e+04 7.350500000000000000e+04 7.353500000000000000e+04
5.315300000000000000e+04 5.319400000000000000e+04 5.306300000000000000e+04 5.316100000000000000e+04 5.314200000000000000e+04 5.311300000000000000e+04 5.310500000000000000e+04 5.311000000000000000e+04 5.312200000000000000e+04 5.311300000000000000e+04 5.321900000000000000e+04 5.314400000000000000e+04 5.311400000000000000e+04 4.978400000000000000e+04 5.091300000000000000e+04 5.316300000000000000e+04 5.315600000000000000e+04 5.316500000000000000e+04 5.317100000000000000e+04 5.317800000000000000e+04 5.315800000000000000e+04
2.616300000000000000e+04 2.624700000000000000e+04 2.613100000000000000e+04 2.617900000000000000e+04 2.620400000000000000e+04 2.616900000000000000e+04 2.619100000000000000e+04 2.616600000000000000e+04 2.618200000000000000e+04 2.609400000000000000e+04 2.620900000000000000e+04 2.610200000000000000e+04 2.336700000000000000e+04 2.618700000000000000e+04 2.615800000000000000e+04 2.622400000000000000e+04 2.618400000000000000e+04 2.616800000000000000e+04 2.621600000000000000e+04 2.613200000000000000e+04 2.620800000000000000e+04
9.351500000000000000e+04 9.349700000000000000e+04 9.351700000000000000e+04 9.350200000000000000e+04 9.343500000000000000e+04 9.346300000000000000e+04 9.354400000000000000e+04 9.341600000000000000e+04 9.351900000000000000e+04 9.359300000000000000e+04 9.343500000000000000e+04 8.376800000000000000e+04 9.346900000000000000e+04 9.332000000000000000e+04 9.338500000000000000e+04 9.345500000000000000e+04 9.354700000000000000e+04 9.336000000000000000e+04 9.344400000000000000e+04 9.352400000000000000e+04 9.351300000000000000e+04
4.769100000000000000e+04 4.760700000000000000e+04 4.750700000000000000e+04 4.757500000000000000e+04 4.748600000000000000e+04 4.747500000000000000e+04 4.755400000000000000e+04 4.754000000000000000e+04 4.760300000000000000e+04 4.752700000000000000e+04 4.260500000000000000e+04 4.756500000000000000e+04 4.755400000000000000e+04 4.756400000000000000e+04 4.753100000000000000e+04 4.754600000000000000e+04 4.758300000000000000e+04 4.754900000000000000e+04 4.752300000000000000e+04 4.757800000000000000e+04 4.743800000000000000e+04
3.710300000000000000e+04 3.704200000000000000e+04 3.704200000000000000e+04 3.706300000000000000e+04 3.705100000000000000e+04 3.710100000000000000e+04 3.711400000000000000e+04 3.709500000000000000e+04 3.708500000000000000e+04 3.705000000000000000e+04 3.325200000000000000e+04 3.709000000000000000e+04 3.710600000000000000e+04 3.706100000000000000e+04 3.708000000000000000e+04 3.702500000000000000e+04 3.719900000000000000e+04 3.709900000000000000e+04 3.710400000000000000e+04 3.714100000000000000e+04 3.707800000000000000e+04
1.536680000000000000e+05 1.538100000000000000e+05 1.537550000000000000e+05 1.539760000000000000e+05 1.538680000000000000e+05 1.538670000000000000e+05 1.537290000000000000e+05 1.538810000000000000e+05 1.539160000000000000e+05 1.539110000000000000e+05 1.377780000000000000e+05 1.538780000000000000e+05 1.538330000000000000e+05 1.537750000000000000e+05 1.537980000000000000e+05 1.537740000000000000e+05 1.537950000000000000e+05 1.537760000000000000e+05 1.537870000000000000e+05 1.539260000000000000e+05 1.536800000000000000e+05
2.694600000000000000e+04 2.688700000000000000e+04 2.688900000000000000e+04 2.686100000000000000e+04 2.688200000000000000e+04 2.690900000000000000e+04 2.688600000000000000e+04 2.465600000000000000e+04 2.632800000000000000e+04 2.686800000000000000e+04 2.695400000000000000e+04 2.689000000000000000e+04 2.690600000000000000e+04 2.693700000000000000e+04 2.695800000000000000e+04 2.695300000000000000e+04 2.688900000000000000e+04 2.689400000000000000e+04 2.689800000000000000e+04 2.686200000000000000e+04 2.694800000000000000e+04
2.753000000000000000e+04 2.753600000000000000e+04 2.763300000000000000e+04 2.758400000000000000e+04 2.753800000000000000e+04 2.755700000000000000e+04 2.760400000000000000e+04 2.748600000000000000e+04 2.471200000000000000e+04 2.753900000000000000e+04 2.744100000000000000e+04 2.758500000000000000e+04 2.751300000000000000e+04 2.755400000000000000e+04 2.749800000000000000e+04 2.753000000000000000e+04 2.754100000000000000e+04 2.755700000000000000e+04 2.756900000000000000e+04 2.753300000000000000e+04 2.754100000000000000e+04
9.545400000000000000e+04 9.539900000000000000e+04 9.542100000000000000e+04 9.540600000000000000e+04 9.542800000000000000e+04 9.548600000000000000e+04 9.555400000000000000e+04 9.553700000000000000e+04 9.463200000000000000e+04 8.640600000000000000e+04 9.536600000000000000e+04 9.545500000000000000e+04 9.534000000000000000e+04 9.542700000000000000e+04 9.539300000000000000e+04 9.544500000000000000e+04 9.541500000000000000e+04 9.537700000000000000e+04 9.545800000000000000e+04 9.548500000000000000e+04 9.541700000000000000e+04
1.575600000000000000e+04 1.580600000000000000e+04 1.578900000000000000e+04 1.572900000000000000e+04 1.570000000000000000e+04 1.451800000000000000e+04 1.555200000000000000e+04 1.577200000000000000e+04 1.578900000000000000e+04 1.581200000000000000e+04 1.582600000000000000e+04 1.579700000000000000e+04 1.581300000000000000e+04 1.578900000000000000e+04 1.581200000000000000e+04 1.575500000000000000e+04 1.581800000000000000e+04 1.582000000000000000e+04 1.583600000000000000e+04 1.576500000000000000e+04 1.576700000000000000e+04
2.457800000000000000e+04 2.462400000000000000e+04 2.459800000000000000e+04 2.461100000000000000e+04 2.462500000000000000e+04 2.284800000000000000e+04 2.385800000000000000e+04 2.462500000000000000e+04 2.465400000000000000e+04 2.456700000000000000e+04 2.460300000000000000e+04 2.457100000000000000e+04 2.461300000000000000e+04 2.459900000000000000e+04 2.462700000000000000e+04 2.458100000000000000e+04 2.460000000000000000e+04 2.459600000000000000e+04 2.460500000000000000e+04 2.464700000000000000e+04 2.459100000000000000e+04
8.400200000000000000e+04 8.401200000000000000e+04 8.395800000000000000e+04 8.395600000000000000e+04 8.400000000000000000e+04 8.404900000000000000e+04 8.396100000000000000e+04 7.523500000000000000e+04 8.408100000000000000e+04 8.402100000000000000e+04 8.407800000000000000e+04 8.401700000000000000e+04 8.406000000000000000e+04 8.401700000000000000e+04 8.405700000000000000e+04 8.400100000000000000e+04 8.395600000000000000e+04 8.409600000000000000e+04 8.407500000000000000e+04 8.399900000000000000e+04 8.401000000000000000e+04
9.016000000000000000e+03 8.782000000000000000e+03 8.898000000000000000e+03 9.016000000000000000e+03 8.982000000000000000e+03 8.276000000000000000e+03 8.974000000000000000e+03 8.959000000000000000e+03 8.950000000000000000e+03 8.981000000000000000e+03 9.009000000000000000e+03 8.999000000000000000e+03 8.982000000000000000e+03 9.003000000000000000e+03 8.960000000000000000e+03 8.976000000000000000e+03 9.006000000000000000e+03 8.978000000000000000e+03 8.995000000000000000e+03 9.006000000000000000e+03 8.973000000000000000e+03
2.212700000000000000e+04 2.218600000000000000e+04 2.187700000000000000e+04 2.132200000000000000e+04 2.099800000000000000e+04 2.205600000000000000e+04 2.215800000000000000e+04 2.212000000000000000e+04 2.209800000000000000e+04 2.214500000000000000e+04 2.212000000000000000e+04 2.210300000000000000e+04 2.212300000000000000e+04 2.212600000000000000e+04 2.212500000000000000e+04 2.210200000000000000e+04 2.210200000000000000e+04 2.217200000000000000e+04 2.211500000000000000e+04 2.212100000000000000e+04 2.208500000000000000e+04
8.320400000000000000e+04 8.320600000000000000e+04 8.325400000000000000e+04 8.322200000000000000e+04 8.310500000000000000e+04 8.287900000000000000e+04 7.495400000000000000e+04 8.312900000000000000e+04 8.323900000000000000e+04 8.326700000000000000e+04 8.325200000000000000e+04 8.317600000000000000e+04 8.323200000000000000e+04 8.315100000000000000e+04 8.331300000000000000e+04 8.316800000000000000e+04 8.329600000000000000e+04 8.323300000000000000e+04 8.330200000000000000e+04 8.314000000000000000e+04 8.329900000000000000e+04
3.672000000000000000e+03 3.723000000000000000e+03 3.427000000000000000e+03 3.709000000000000000e+03 3.739000000000000000e+03 3.724000000000000000e+03 3.736000000000000000e+03 3.733000000000000000e+03 3.762000000000000000e+03 3.734000000000000000e+03 3.746000000000000000e+03 3.712000000000000000e+03 3.724000000000000000e+03 3.726000000000000000e+03 3.747000000000000000e+03 3.755000000000000000e+03 3.725000000000000000e+03 3.753000000000000000e+03 3.733000000000000000e+03 3.747000000000000000e+03 3.754000000000000000e+03
1.885700000000000000e+04 1.763600000000000000e+04 1.924200000000000000e+04 1.921000000000000000e+04 1.920200000000000000e+04 1.920500000000000000e+04 1.922700000000000000e+04 1.921400000000000000e+04 1.923100000000000000e+04 1.920600000000000000e+04 1.924700000000000000e+04 1.917600000000000000e+04 1.923700000000000000e+04 1.927000000000000000e+04 1.919700000000000000e+04 1.915700000000000000e+04 1.920700000000000000e+04 1.922400000000000000e+04 1.923000000000000000e+04 1.914300000000000000e+04 1.924300000000000000e+04
8.079200000000000000e+04 8.093100000000000000e+04 8.076700000000000000e+04 8.074400000000000000e+04 7.395400000000000000e+04 7.912800000000000000e+04 8.074100000000000000e+04 8.081200000000000000e+04 8.092000000000000000e+04 8.080700000000000000e+04 8.077700000000000000e+04 8.077700000000000000e+04 8.080700000000000000e+04 8.069800000000000000e+04 8.085800000000000000e+04 8.080100000000000000e+04 8.086100000000000000e+04 8.076900000000000000e+04 8.084900000000000000e+04 8.074600000000000000e+04 8.076200000000000000e+04
4.510000000000000000e+02 4.810000000000000000e+02 4.800000000000000000e+02 4.730000000000000000e+02 4.700000000000000000e+02 4.780000000000000000e+02 4.910000000000000000e+02 4.710000000000000000e+02 4.820000000000000000e+02 4.760000000000000000e+02 4.770000000000000000e+02 4.730000000000000000e+02 4.760000000000000000e+02 4.780000000000000000e+02 4.820000000000000000e+02 4.850000000000000000e+02 4.740000000000000000e+02 4.730000000000000000e+02 4.830000000000000000e+02 4.760000000000000000e+02 4.710000000000000000e+02
1.541400000000000000e+04 1.555900000000000000e+04 1.418700000000000000e+04 1.560300000000000000e+04 1.557800000000000000e+04 1.557200000000000000e+04 1.555500000000000000e+04 1.555000000000000000e+04 1.556000000000000000e+04 1.553800000000000000e+04 1.556000000000000000e+04 1.558300000000000000e+04 1.560200000000000000e+04 1.553900000000000000e+04 1.558300000000000000e+04 1.554000000000000000e+04 1.558700000000000000e+04 1.556100000000000000e+04 1.553200000000000000e+04 1.555900000000000000e+04 1.557900000000000000e+04
7.973400000000000000e+04 7.975300000000000000e+04 7.972000000000000000e+04 7.281000000000000000e+04 7.830300000000000000e+04 7.980500000000000000e+04 7.969100000000000000e+04 7.971300000000000000e+04 7.975700000000000000e+04 7.966200000000000000e+04 7.964700000000000000e+04 7.967900000000000000e+04 7.964200000000000000e+04 7.977200000000000000e+04 7.972400000000000000e+04 7.966600000000000000e+04 7.969000000000000000e+04 7.966400000000000000e+04 7.965600000000000000e+04 7.973600000000000000e+04 7.961700000000000000e+04
1.000000000000000000e+00 1.000000000000000000e+00 1.000000000000000000e+00 1.000000000000000000e+00 1.000000000000000000e+00 1.000000000000000000e+00 1.000000000000000000e+00 1.000000000000000000e+00 1.000000000000000000e+00 1.000000000000000000e+00 1.000000000000000000e+00 1.000000000000000000e+00 1.000000000000000000e+00 1.000000000000000000e+00 1.000000000000000000e+00 1.000000000000000000e+00 1.000000000000000000e+00 1.000000000000000000e+00 1.000000000000000000e+00 1.000000000000000000e+00 1.000000000000000000e+00
1.112300000000000000e+04 1.113200000000000000e+04 1.111900000000000000e+04 1.056100000000000000e+04 1.048700000000000000e+04 1.107600000000000000e+04 1.106500000000000000e+04 1.109500000000000000e+04 1.108800000000000000e+04 1.112300000000000000e+04 1.111300000000000000e+04 1.111800000000000000e+04 1.107500000000000000e+04 1.110500000000000000e+04 1.105400000000000000e+04 1.108200000000000000e+04 1.109100000000000000e+04 1.105200000000000000e+04 1.112200000000000000e+04 1.106700000000000000e+04 1.109300000000000000e+04
8.143200000000000000e+04 7.744000000000000000e+04 7.784700000000000000e+04 8.077700000000000000e+04 8.147000000000000000e+04 8.154200000000000000e+04 8.147500000000000000e+04 8.150200000000000000e+04 8.154100000000000000e+04 8.150600000000000000e+04 8.152800000000000000e+04 8.155100000000000000e+04 8.146200000000000000e+04 8.153100000000000000e+04 8.147500000000000000e+04 8.149600000000000000e+04 8.142000000000000000e+04 8.150800000000000000e+04 8.149200000000000000e+04 8.159500000000000000e+04 8.157100000000000000e+04
1.000000000000000000e+00 1.000000000000000000e+00 1.000000000000000000e+00 1.000000000000000000e+00 1.000000000000000000e+00 1.000000000000000000e+00 1.000000000000000000e+00 1.000000000000000000e+00 1.000000000000000000e+00 1.000000000000000000e+00 1.000000000000000000e+00 1.000000000000000000e+00 1.000000000000000000e+00 1.000000000000000000e+00 1.000000000000000000e+00 1.000000000000000000e+00 1.000000000000000000e+00 1.000000000000000000e+00 1.000000000000000000e+00 1.000000000000000000e+00 1.000000000000000000e+00
6.575000000000000000e+03 7.286000000000000000e+03 7.322000000000000000e+03 7.271000000000000000e+03 7.348000000000000000e+03 7.302000000000000000e+03 7.277000000000000000e+03 7.297000000000000000e+03 7.289000000000000000e+03 7.294000000000000000e+03 7.275000000000000000e+03 7.288000000000000000e+03 7.316000000000000000e+03 7.261000000000000000e+03 7.293000000000000000e+03 7.331000000000000000e+03 7.309000000000000000e+03 7.318000000000000000e+03 7.278000000000000000e+03 7.273000000000000000e+03 7.318000000000000000e+03
6.790100000000000000e+04 6.978400000000000000e+04 7.270400000000000000e+04 7.272900000000000000e+04 7.277000000000000000e+04 7.271900000000000000e+04 7.277500000000000000e+04 7.266900000000000000e+04 7.275900000000000000e+04 7.279300000000000000e+04 7.279900000000000000e+04 7.275300000000000000e+04 7.265800000000000000e+04 7.276400000000000000e+04 7.268400000000000000e+04 7.269500000000000000e+04 7.267300000000000000e+04 7.268200000000000000e+04 7.268900000000000000e+04 7.262800000000000000e+04 7.275300000000000000e+04
1.000000000000000000e+00 1.000000000000000000e+00 1.000000000000000000e+00 1.000000000000000000e+00 1.000000000000000000e+00 1.000000000000000000e+00 1.000000000000000000e+00 1.000000000000000000e+00 1.000000000000000000e+00 1.000000000000000000e+00 1.000000000000000000e+00 1.000000000000000000e+00 1.000000000000000000e+00 1.000000000000000000e+00 1.000000000000000000e+00 1.000000000000000000e+00 1.000000000000000000e+00 1.000000000000000000e+00 1.000000000000000000e+00 1.000000000000000000e+00 1.000000000000000000e+00
4.189000000000000000e+03 3.801000000000000000e+03 4.053000000000000000e+03 4.163000000000000000e+03 4.170000000000000000e+03 4.179000000000000000e+03 4.163000000000000000e+03 4.167000000000000000e+03 4.182000000000000000e+03 4.165000000000000000e+03 4.179000000000000000e+03 4.158000000000000000e+03 4.160000000000000000e+03 4.190000000000000000e+03 4.156000000000000000e+03 4.186000000000000000e+03 4.179000000000000000e+03 4.179000000000000000e+03 4.178000000000000000e+03 4.180000000000000000e+03 4.184000000000000000e+03
6.384700000000000000e+04 7.120600000000000000e+04 7.118200000000000000e+04 7.122000000000000000e+04 7.112500000000000000e+04 7.117200000000000000e+04 7.106600000000000000e+04 7.104500000000000000e+04 7.102800000000000000e+04 7.101400000000000000e+04 7.113100000000000000e+04 7.099600000000000000e+04 7.102300000000000000e+04 7.107600000000000000e+04 7.104300000000000000e+04 7.117500000000000000e+04 7.108200000000000000e+04 7.107000000000000000e+04 7.108300000000000000e+04 7.102900000000000000e+04 7.114800000000000000e+04
1.000000000000000000e+00 1.000000000000000000e+00 1.000000000000000000e+00 1.000000000000000000e+00 1.000000000000000000e+00 1.000000000000000000e+00 1.000000000000000000e+00 1.000000000000000000e+00 1.000000000000000000e+00 1.000000000000000000e+00 1.000000000000000000e+00 1.000000000000000000e+00 1.000000000000000000e+00 1.000000000000000000e+00 1.000000000000000000e+00 1.000000000000000000e+00 1.000000000000000000e+00 1.000000000000000000e+00 1.000000000000000000e+00 1.000000000000000000e+00 1.000000000000000000e+00
1.728000000000000000e+03 1.671000000000000000e+03 1.661000000000000000e+03 1.740000000000000000e+03 1.731000000000000000e+03 1.748000000000000000e+03 1.736000000000000000e+03 1.734000000000000000e+03 1.742000000000000000e+03 1.734000000000000000e+03 1.732000000000000000e+03 1.739000000000000000e+03 1.743000000000000000e+03 1.740000000000000000e+03 1.731000000000000000e+03 1.735000000000000000e+03 1.731000000000000000e+03 1.746000000000000000e+03 1.728000000000000000e+03 1.752000000000000000e+03 1.739000000000000000e+03
5.860300000000000000e+04 6.538500000000000000e+04 6.550300000000000000e+04 6.547800000000000000e+04 6.537700000000000000e+04 6.549600000000000000e+04 6.546700000000000000e+04 6.547500000000000000e+04 6.549700000000000000e+04 6.544800000000000000e+04 6.540600000000000000e+04 6.552800000000000000e+04 6.549100000000000000e+04 6.547200000000000000e+04 6.538700000000000000e+04 6.553200000000000000e+04 6.537000000000000000e+04 6.548200000000000000e+04 6.539900000000000000e+04 6.547700000000000000e+04 6.532800000000000000e+04
1.000000000000000000e+00 1.000000000000000000e+00 1.000000000000000000e+00 1.000000000000000000e+00 1.000000000000000000e+00 1.000000000000000000e+00 1.000000000000000000e+00 1.000000000000000000e+00 1.000000000000000000e+00 1.000000000000000000e+00 1.000000000000000000e+00 1.000000000000000000e+00 1.000000000000000000e+00 1.000000000000000000e+00 1.000000000000000000e+00 1.000000000000000000e+00 1.000000000000000000e+00 1.000000000000000000e+00 1.000000000000000000e+00 1.000000000000000000e+00 1.000000000000000000e+00
1.750000000000000000e+02 1.740000000000000000e+02 1.720000000000000000e+02 1.700000000000000000e+02 1.730000000000000000e+02 1.760000000000000000e+02 1.720000000000000000e+02 1.740000000000000000e+02 1.730000000000000000e+02 1.750000000000000000e+02 1.720000000000000000e+02 1.770000000000000000e+02 1.720000000000000000e+02 1.740000000000000000e+02 1.710000000000000000e+02 1.740000000000000000e+02 1.760000000000000000e+02 1.750000000000000000e+02 1.710000000000000000e+02 1.730000000000000000e+02 1.720000000000000000e+02
1.055440000000000000e+06 1.167162000000000000e+06 1.173114000000000000e+06 1.173055000000000000e+06 1.172548000000000000e+06 1.172538000000000000e+06 1.172233000000000000e+06 1.173159000000000000e+06 1.172736000000000000e+06 1.172700000000000000e+06 1.172447000000000000e+06 1.172816000000000000e+06 1.172692000000000000e+06 1.172616000000000000e+06 1.172583000000000000e+06 1.172330000000000000e+06 1.172302000000000000e+06 1.172828000000000000e+06 1.172757000000000000e+06 1.172727000000000000e+06 1.172578000000000000e+06
