3.000000000000000000e+00
3.676782510308361562e+00
4.048208587243703249e+00
4.252051630841412688e+00
4.363923122094908180e+00
4.425319389396573655e+00
4.459014381530470139e+00
4.477506597793616372e+00
4.487655343198504454e+00
4.493225068820497548e+00
4.496281790579317317e+00
4.497959348372887689e+00
4.498880022546714486e+00
4.499385311838856261e+00
4.499662627087802846e+00
4.499814829146889572e+00
4.499898364707989984e+00
4.499944240690440189e+00
4.499969441538284265e+00
4.499983265616415373e+00
4.499990821963537613e+00
4.499994987410100400e+00
4.499997265763453491e+00
4.499998511264368339e+00
4.499999194060190888e+00
4.499999566788305927e+00
4.499999768136350831e+00
4.499999875684264516e+00
4.499999940462251935e+00
4.499999967542355428e+00
4.499999982359624617e+00
4.499999990474258915e+00
4.499999995502673045e+00
4.499999999051174981e+00
4.500000002272013688e+00
4.499999999089265401e+00
4.500000002318176762e+00
4.499999999131782502e+00
4.500000002371525198e+00
4.499999999180259280e+00
4.500000002431965740e+00
4.499999999235371639e+00
4.500000002501873375e+00
4.499999999298637476e+00
4.500000002583950831e+00
4.499999999372119142e+00
4.500000002681595390e+00
4.499999999458885291e+00
4.500000002807176713e+00
4.499999999569358700e+00
4.499999999829672248e+00
4.500000000029207747e+00
4.500000000108920872e+00
4.499999999914335191e+00
4.500000000108903997e+00
4.499999999914664706e+00
4.500000000109537268e+00
4.499999999915225146e+00
4.500000000110456533e+00
4.499999999915742954e+00
4.500000000110671472e+00
4.499999999916031612e+00
4.500000000111437970e+00
4.499999999916557414e+00
4.500000000111811005e+00
4.499999999916883375e+00
4.500000000112083676e+00
4.499999999917257298e+00
4.500000000112239107e+00
4.499999999917283944e+00
4.500000000112259535e+00
4.499999999917408289e+00
4.500000000112683196e+00
4.499999999917620563e+00
4.500000000112949650e+00
4.499999999917926097e+00
4.500000000113053567e+00
4.499999999918330218e+00
4.500000000114016352e+00
4.499999999918970595e+00
4.500000000114570575e+00
4.499999999919503502e+00
4.500000000115200294e+00
4.499999999920111016e+00
4.500000000115404575e+00
4.499999999920491156e+00
4.500000000116365584e+00
4.499999999921573846e+00
4.500000000117654331e+00
4.499999999922513538e+00
4.500000000118556720e+00
4.499999999923634419e+00
4.500000000119543486e+00
4.499999999924628291e+00
4.500000000120610189e+00
4.499999999925371696e+00
4.500000000121039179e+00
4.499999999925798022e+00
4.500000000121916699e+00
4.499999999926699523e+00
4.500000000122623689e+00
