1.503100000000000000e+04 1.497100000000000000e+04 1.498700000000000000e+04 1.506800000000000000e+04 1.509000000000000000e+04 1.496200000000000000e+04 1.487400000000000000e+04 1.511200000000000000e+04 1.509000000000000000e+04 1.499800000000000000e+04 1.503700000000000000e+04 1.523100000000000000e+04 1.497700000000000000e+04 1.512400000000000000e+04 1.520900000000000000e+04 1.500300000000000000e+04 1.507200000000000000e+04 1.494400000000000000e+04 1.651900000000000000e+04 1.613300000000000000e+04 4.761700000000000000e+04
6.012000000000000000e+03 5.884000000000000000e+03 5.979000000000000000e+03 6.042000000000000000e+03 5.975000000000000000e+03 6.141000000000000000e+03 6.071000000000000000e+03 6.044000000000000000e+03 6.080000000000000000e+03 6.149000000000000000e+03 6.032000000000000000e+03 6.105000000000000000e+03 6.062000000000000000e+03 5.977000000000000000e+03 5.961000000000000000e+03 6.112000000000000000e+03 6.046000000000000000e+03 5.856000000000000000e+03 6.068000000000000000e+03 6.009000000000000000e+03 2.005800000000000000e+04
5.760000000000000000e+03 5.867000000000000000e+03 5.744000000000000000e+03 5.840000000000000000e+03 5.825000000000000000e+03 5.760000000000000000e+03 5.785000000000000000e+03 5.712000000000000000e+03 5.776000000000000000e+03 5.707000000000000000e+03 5.842000000000000000e+03 5.757000000000000000e+03 5.864000000000000000e+03 5.646000000000000000e+03 5.797000000000000000e+03 5.732000000000000000e+03 5.710000000000000000e+03 5.725000000000000000e+03 5.846000000000000000e+03 5.786000000000000000e+03 1.897000000000000000e+04
1.275000000000000000e+03 1.271000000000000000e+03 1.218000000000000000e+03 1.289000000000000000e+03 1.248000000000000000e+03 1.286000000000000000e+03 1.234000000000000000e+03 1.247000000000000000e+03 1.217000000000000000e+03 1.226000000000000000e+03 1.291000000000000000e+03 1.295000000000000000e+03 1.281000000000000000e+03 1.288000000000000000e+03 1.265000000000000000e+03 1.269000000000000000e+03 1.307000000000000000e+03 1.305000000000000000e+03 1.257000000000000000e+03 1.324000000000000000e+03 4.232000000000000000e+03
9.250000000000000000e+02 9.420000000000000000e+02 9.420000000000000000e+02 9.780000000000000000e+02 1.004000000000000000e+03 9.340000000000000000e+02 9.170000000000000000e+02 9.450000000000000000e+02 9.080000000000000000e+02 8.940000000000000000e+02 1.000000000000000000e+03 9.610000000000000000e+02 9.310000000000000000e+02 9.150000000000000000e+02 9.240000000000000000e+02 9.310000000000000000e+02 9.890000000000000000e+02 9.880000000000000000e+02 9.790000000000000000e+02 9.290000000000000000e+02 3.104000000000000000e+03
1.351000000000000000e+03 1.382000000000000000e+03 1.440000000000000000e+03 1.361000000000000000e+03 1.361000000000000000e+03 1.497000000000000000e+03 1.345000000000000000e+03 1.463000000000000000e+03 1.469000000000000000e+03 1.402000000000000000e+03 1.423000000000000000e+03 1.389000000000000000e+03 1.419000000000000000e+03 1.429000000000000000e+03 1.399000000000000000e+03 1.424000000000000000e+03 1.400000000000000000e+03 1.395000000000000000e+03 1.422000000000000000e+03 1.412000000000000000e+03 4.581000000000000000e+03
1.401000000000000000e+03 1.382000000000000000e+03 1.399000000000000000e+03 1.400000000000000000e+03 1.372000000000000000e+03 1.349000000000000000e+03 1.453000000000000000e+03 1.363000000000000000e+03 1.385000000000000000e+03 1.393000000000000000e+03 1.381000000000000000e+03 1.466000000000000000e+03 1.411000000000000000e+03 1.339000000000000000e+03 1.400000000000000000e+03 1.436000000000000000e+03 1.412000000000000000e+03 1.358000000000000000e+03 1.433000000000000000e+03 1.380000000000000000e+03 4.673000000000000000e+03
8.780000000000000000e+02 9.040000000000000000e+02 8.900000000000000000e+02 8.680000000000000000e+02 8.890000000000000000e+02 9.300000000000000000e+02 9.510000000000000000e+02 9.290000000000000000e+02 8.370000000000000000e+02 9.360000000000000000e+02 8.820000000000000000e+02 9.320000000000000000e+02 9.350000000000000000e+02 8.680000000000000000e+02 8.910000000000000000e+02 9.360000000000000000e+02 9.620000000000000000e+02 9.020000000000000000e+02 9.340000000000000000e+02 8.460000000000000000e+02 3.073000000000000000e+03
1.605000000000000000e+03 1.704000000000000000e+03 1.628000000000000000e+03 1.593000000000000000e+03 1.638000000000000000e+03 1.620000000000000000e+03 1.590000000000000000e+03 1.723000000000000000e+03 1.662000000000000000e+03 1.616000000000000000e+03 1.614000000000000000e+03 1.674000000000000000e+03 1.618000000000000000e+03 1.636000000000000000e+03 1.688000000000000000e+03 1.605000000000000000e+03 1.694000000000000000e+03 1.630000000000000000e+03 1.577000000000000000e+03 1.621000000000000000e+03 5.553000000000000000e+03
1.552000000000000000e+03 1.509000000000000000e+03 1.502000000000000000e+03 1.572000000000000000e+03 1.565000000000000000e+03 1.525000000000000000e+03 1.476000000000000000e+03 1.437000000000000000e+03 1.623000000000000000e+03 1.524000000000000000e+03 1.545000000000000000e+03 1.566000000000000000e+03 1.585000000000000000e+03 1.489000000000000000e+03 1.555000000000000000e+03 1.534000000000000000e+03 1.561000000000000000e+03 1.524000000000000000e+03 1.490000000000000000e+03 1.616000000000000000e+03 5.116000000000000000e+03
9.600000000000000000e+02 9.520000000000000000e+02 9.530000000000000000e+02 9.510000000000000000e+02 9.580000000000000000e+02 9.600000000000000000e+02 9.340000000000000000e+02 9.460000000000000000e+02 9.540000000000000000e+02 9.570000000000000000e+02 9.610000000000000000e+02 9.430000000000000000e+02 9.570000000000000000e+02 9.670000000000000000e+02 9.670000000000000000e+02 9.360000000000000000e+02 1.020000000000000000e+03 9.870000000000000000e+02 9.660000000000000000e+02 1.035000000000000000e+03 3.262000000000000000e+03
1.964000000000000000e+03 1.914000000000000000e+03 1.856000000000000000e+03 1.912000000000000000e+03 1.963000000000000000e+03 1.920000000000000000e+03 1.930000000000000000e+03 1.921000000000000000e+03 1.899000000000000000e+03 1.928000000000000000e+03 1.914000000000000000e+03 1.914000000000000000e+03 1.926000000000000000e+03 1.895000000000000000e+03 2.012000000000000000e+03 1.948000000000000000e+03 1.901000000000000000e+03 1.934000000000000000e+03 1.904000000000000000e+03 1.998000000000000000e+03 6.126000000000000000e+03
1.607000000000000000e+03 1.666000000000000000e+03 1.660000000000000000e+03 1.623000000000000000e+03 1.709000000000000000e+03 1.598000000000000000e+03 1.660000000000000000e+03 1.688000000000000000e+03 1.598000000000000000e+03 1.571000000000000000e+03 1.643000000000000000e+03 1.663000000000000000e+03 1.715000000000000000e+03 1.561000000000000000e+03 1.662000000000000000e+03 1.652000000000000000e+03 1.693000000000000000e+03 1.666000000000000000e+03 1.807000000000000000e+03 1.835000000000000000e+03 5.070000000000000000e+03
1.033000000000000000e+03 1.028000000000000000e+03 1.051000000000000000e+03 1.036000000000000000e+03 1.002000000000000000e+03 1.090000000000000000e+03 1.027000000000000000e+03 1.071000000000000000e+03 1.109000000000000000e+03 1.040000000000000000e+03 1.058000000000000000e+03 1.016000000000000000e+03 1.056000000000000000e+03 1.018000000000000000e+03 1.034000000000000000e+03 1.072000000000000000e+03 1.013000000000000000e+03 1.063000000000000000e+03 1.032000000000000000e+03 1.039000000000000000e+03 3.331000000000000000e+03
2.262000000000000000e+03 2.198000000000000000e+03 2.207000000000000000e+03 2.210000000000000000e+03 2.282000000000000000e+03 2.235000000000000000e+03 2.269000000000000000e+03 2.154000000000000000e+03 2.296000000000000000e+03 2.150000000000000000e+03 2.270000000000000000e+03 2.217000000000000000e+03 2.245000000000000000e+03 2.180000000000000000e+03 2.218000000000000000e+03 2.158000000000000000e+03 2.222000000000000000e+03 2.198000000000000000e+03 6.322000000000000000e+03 3.124000000000000000e+03 2.211000000000000000e+03
1.845000000000000000e+03 1.789000000000000000e+03 1.805000000000000000e+03 1.823000000000000000e+03 1.814000000000000000e+03 1.742000000000000000e+03 1.841000000000000000e+03 1.821000000000000000e+03 1.794000000000000000e+03 1.801000000000000000e+03 1.748000000000000000e+03 1.819000000000000000e+03 1.856000000000000000e+03 1.748000000000000000e+03 1.858000000000000000e+03 1.789000000000000000e+03 1.791000000000000000e+03 1.842000000000000000e+03 1.800000000000000000e+03 2.008000000000000000e+03 5.670000000000000000e+03
1.100000000000000000e+03 1.039000000000000000e+03 1.011000000000000000e+03 1.064000000000000000e+03 9.900000000000000000e+02 1.069000000000000000e+03 1.042000000000000000e+03 9.830000000000000000e+02 1.045000000000000000e+03 1.046000000000000000e+03 1.021000000000000000e+03 1.043000000000000000e+03 1.116000000000000000e+03 1.016000000000000000e+03 9.660000000000000000e+02 1.028000000000000000e+03 1.046000000000000000e+03 1.050000000000000000e+03 1.050000000000000000e+03 3.168000000000000000e+03 1.309000000000000000e+03
2.532000000000000000e+03 2.541000000000000000e+03 2.529000000000000000e+03 2.484000000000000000e+03 2.608000000000000000e+03 2.595000000000000000e+03 2.533000000000000000e+03 2.595000000000000000e+03 2.469000000000000000e+03 2.542000000000000000e+03 2.641000000000000000e+03 2.515000000000000000e+03 2.515000000000000000e+03 2.539000000000000000e+03 2.512000000000000000e+03 2.593000000000000000e+03 2.602000000000000000e+03 8.356000000000000000e+03 2.461000000000000000e+03 2.577000000000000000e+03 2.574000000000000000e+03
2.011000000000000000e+03 1.964000000000000000e+03 1.967000000000000000e+03 1.957000000000000000e+03 1.973000000000000000e+03 1.991000000000000000e+03 1.956000000000000000e+03 2.000000000000000000e+03 1.991000000000000000e+03 1.977000000000000000e+03 2.026000000000000000e+03 2.031000000000000000e+03 1.961000000000000000e+03 1.996000000000000000e+03 2.085000000000000000e+03 1.934000000000000000e+03 1.976000000000000000e+03 1.898000000000000000e+03 2.072000000000000000e+03 2.936000000000000000e+03 5.639000000000000000e+03
9.990000000000000000e+02 9.990000000000000000e+02 1.011000000000000000e+03 9.350000000000000000e+02 9.970000000000000000e+02 9.400000000000000000e+02 9.940000000000000000e+02 9.680000000000000000e+02 1.009000000000000000e+03 9.540000000000000000e+02 9.900000000000000000e+02 1.018000000000000000e+03 9.300000000000000000e+02 1.048000000000000000e+03 9.670000000000000000e+02 1.015000000000000000e+03 1.024000000000000000e+03 3.217000000000000000e+03 1.007000000000000000e+03 1.050000000000000000e+03 9.700000000000000000e+02
2.856000000000000000e+03 2.900000000000000000e+03 2.887000000000000000e+03 2.871000000000000000e+03 2.977000000000000000e+03 2.905000000000000000e+03 2.906000000000000000e+03 2.877000000000000000e+03 2.934000000000000000e+03 2.952000000000000000e+03 2.869000000000000000e+03 2.857000000000000000e+03 2.848000000000000000e+03 2.957000000000000000e+03 2.868000000000000000e+03 3.010000000000000000e+03 9.257000000000000000e+03 3.115000000000000000e+03 2.831000000000000000e+03 2.848000000000000000e+03 2.822000000000000000e+03
2.136000000000000000e+03 2.371000000000000000e+03 2.310000000000000000e+03 2.272000000000000000e+03 2.274000000000000000e+03 2.284000000000000000e+03 2.266000000000000000e+03 2.261000000000000000e+03 2.396000000000000000e+03 2.214000000000000000e+03 2.248000000000000000e+03 2.274000000000000000e+03 2.234000000000000000e+03 2.224000000000000000e+03 2.284000000000000000e+03 2.312000000000000000e+03 2.283000000000000000e+03 2.243000000000000000e+03 3.903000000000000000e+03 3.030000000000000000e+03 5.121000000000000000e+03
9.950000000000000000e+02 1.048000000000000000e+03 1.005000000000000000e+03 9.820000000000000000e+02 1.089000000000000000e+03 1.052000000000000000e+03 1.046000000000000000e+03 1.040000000000000000e+03 9.850000000000000000e+02 1.033000000000000000e+03 1.009000000000000000e+03 1.016000000000000000e+03 1.036000000000000000e+03 9.700000000000000000e+02 1.054000000000000000e+03 1.238000000000000000e+03 2.213000000000000000e+03 1.923000000000000000e+03 1.074000000000000000e+03 1.059000000000000000e+03 1.055000000000000000e+03
3.134000000000000000e+03 3.122000000000000000e+03 3.111000000000000000e+03 3.177000000000000000e+03 3.018000000000000000e+03 3.066000000000000000e+03 2.978000000000000000e+03 3.047000000000000000e+03 3.148000000000000000e+03 3.022000000000000000e+03 3.077000000000000000e+03 3.105000000000000000e+03 3.094000000000000000e+03 2.980000000000000000e+03 9.752000000000000000e+03 3.741000000000000000e+03 3.139000000000000000e+03 3.074000000000000000e+03 3.054000000000000000e+03 3.000000000000000000e+03 3.136000000000000000e+03
2.509000000000000000e+03 2.550000000000000000e+03 2.499000000000000000e+03 2.524000000000000000e+03 2.580000000000000000e+03 2.539000000000000000e+03 2.550000000000000000e+03 2.575000000000000000e+03 2.489000000000000000e+03 2.567000000000000000e+03 2.497000000000000000e+03 2.544000000000000000e+03 2.492000000000000000e+03 2.555000000000000000e+03 2.496000000000000000e+03 2.511000000000000000e+03 2.987000000000000000e+03 7.005000000000000000e+03 3.455000000000000000e+03 2.427000000000000000e+03 2.529000000000000000e+03
1.067000000000000000e+03 1.040000000000000000e+03 1.102000000000000000e+03 1.038000000000000000e+03 1.054000000000000000e+03 1.019000000000000000e+03 1.048000000000000000e+03 1.134000000000000000e+03 1.149000000000000000e+03 1.077000000000000000e+03 1.095000000000000000e+03 1.007000000000000000e+03 1.075000000000000000e+03 1.089000000000000000e+03 3.275000000000000000e+03 1.275000000000000000e+03 1.080000000000000000e+03 1.056000000000000000e+03 1.096000000000000000e+03 1.047000000000000000e+03 1.086000000000000000e+03
3.364000000000000000e+03 3.312000000000000000e+03 3.261000000000000000e+03 3.300000000000000000e+03 3.293000000000000000e+03 3.289000000000000000e+03 3.344000000000000000e+03 3.335000000000000000e+03 3.370000000000000000e+03 3.205000000000000000e+03 3.260000000000000000e+03 3.307000000000000000e+03 3.216000000000000000e+03 1.089300000000000000e+04 3.325000000000000000e+03 3.278000000000000000e+03 3.257000000000000000e+03 3.201000000000000000e+03 3.372000000000000000e+03 3.352000000000000000e+03 3.322000000000000000e+03
2.369000000000000000e+03 2.328000000000000000e+03 2.459000000000000000e+03 2.361000000000000000e+03 2.380000000000000000e+03 2.409000000000000000e+03 2.417000000000000000e+03 2.412000000000000000e+03 2.400000000000000000e+03 2.409000000000000000e+03 2.303000000000000000e+03 2.378000000000000000e+03 2.408000000000000000e+03 5.738000000000000000e+03 4.609000000000000000e+03 2.359000000000000000e+03 2.366000000000000000e+03 2.357000000000000000e+03 2.351000000000000000e+03 2.344000000000000000e+03 2.364000000000000000e+03
1.181000000000000000e+03 1.097000000000000000e+03 1.213000000000000000e+03 1.165000000000000000e+03 1.140000000000000000e+03 1.175000000000000000e+03 1.153000000000000000e+03 1.178000000000000000e+03 1.162000000000000000e+03 1.250000000000000000e+03 1.135000000000000000e+03 1.242000000000000000e+03 3.977000000000000000e+03 1.157000000000000000e+03 1.186000000000000000e+03 1.120000000000000000e+03 1.160000000000000000e+03 1.176000000000000000e+03 1.128000000000000000e+03 1.212000000000000000e+03 1.136000000000000000e+03
4.146000000000000000e+03 4.164000000000000000e+03 4.144000000000000000e+03 4.159000000000000000e+03 4.226000000000000000e+03 4.198000000000000000e+03 4.117000000000000000e+03 4.245000000000000000e+03 4.142000000000000000e+03 4.068000000000000000e+03 4.226000000000000000e+03 1.389300000000000000e+04 4.192000000000000000e+03 4.341000000000000000e+03 4.276000000000000000e+03 4.206000000000000000e+03 4.114000000000000000e+03 4.301000000000000000e+03 4.217000000000000000e+03 4.137000000000000000e+03 4.148000000000000000e+03
1.989000000000000000e+03 2.073000000000000000e+03 2.173000000000000000e+03 2.105000000000000000e+03 2.194000000000000000e+03 2.205000000000000000e+03 2.126000000000000000e+03 2.140000000000000000e+03 2.077000000000000000e+03 2.153000000000000000e+03 7.075000000000000000e+03 2.115000000000000000e+03 2.126000000000000000e+03 2.116000000000000000e+03 2.149000000000000000e+03 2.134000000000000000e+03 2.097000000000000000e+03 2.131000000000000000e+03 2.157000000000000000e+03 2.102000000000000000e+03 2.242000000000000000e+03
1.646000000000000000e+03 1.707000000000000000e+03 1.707000000000000000e+03 1.686000000000000000e+03 1.698000000000000000e+03 1.648000000000000000e+03 1.635000000000000000e+03 1.654000000000000000e+03 1.664000000000000000e+03 1.699000000000000000e+03 5.497000000000000000e+03 1.659000000000000000e+03 1.643000000000000000e+03 1.688000000000000000e+03 1.669000000000000000e+03 1.724000000000000000e+03 1.550000000000000000e+03 1.650000000000000000e+03 1.645000000000000000e+03 1.608000000000000000e+03 1.671000000000000000e+03
7.041000000000000000e+03 6.899000000000000000e+03 6.954000000000000000e+03 6.733000000000000000e+03 6.841000000000000000e+03 6.842000000000000000e+03 6.980000000000000000e+03 6.828000000000000000e+03 6.793000000000000000e+03 6.798000000000000000e+03 2.293100000000000000e+04 6.831000000000000000e+03 6.876000000000000000e+03 6.934000000000000000e+03 6.911000000000000000e+03 6.935000000000000000e+03 6.914000000000000000e+03 6.933000000000000000e+03 6.922000000000000000e+03 6.783000000000000000e+03 7.029000000000000000e+03
1.164000000000000000e+03 1.223000000000000000e+03 1.221000000000000000e+03 1.249000000000000000e+03 1.228000000000000000e+03 1.201000000000000000e+03 1.224000000000000000e+03 3.454000000000000000e+03 1.782000000000000000e+03 1.242000000000000000e+03 1.156000000000000000e+03 1.220000000000000000e+03 1.204000000000000000e+03 1.173000000000000000e+03 1.152000000000000000e+03 1.157000000000000000e+03 1.221000000000000000e+03 1.216000000000000000e+03 1.212000000000000000e+03 1.248000000000000000e+03 1.162000000000000000e+03
1.249000000000000000e+03 1.243000000000000000e+03 1.146000000000000000e+03 1.195000000000000000e+03 1.241000000000000000e+03 1.222000000000000000e+03 1.175000000000000000e+03 1.293000000000000000e+03 4.067000000000000000e+03 1.240000000000000000e+03 1.338000000000000000e+03 1.194000000000000000e+03 1.266000000000000000e+03 1.225000000000000000e+03 1.281000000000000000e+03 1.249000000000000000e+03 1.238000000000000000e+03 1.222000000000000000e+03 1.210000000000000000e+03 1.246000000000000000e+03 1.238000000000000000e+03
4.261000000000000000e+03 4.316000000000000000e+03 4.294000000000000000e+03 4.309000000000000000e+03 4.287000000000000000e+03 4.229000000000000000e+03 4.161000000000000000e+03 4.178000000000000000e+03 5.083000000000000000e+03 1.330900000000000000e+04 4.349000000000000000e+03 4.260000000000000000e+03 4.375000000000000000e+03 4.288000000000000000e+03 4.322000000000000000e+03 4.270000000000000000e+03 4.300000000000000000e+03 4.338000000000000000e+03 4.257000000000000000e+03 4.230000000000000000e+03 4.298000000000000000e+03
7.450000000000000000e+02 6.950000000000000000e+02 7.120000000000000000e+02 7.720000000000000000e+02 8.010000000000000000e+02 1.983000000000000000e+03 9.490000000000000000e+02 7.290000000000000000e+02 7.120000000000000000e+02 6.890000000000000000e+02 6.750000000000000000e+02 7.040000000000000000e+02 6.880000000000000000e+02 7.120000000000000000e+02 6.890000000000000000e+02 7.460000000000000000e+02 6.830000000000000000e+02 6.810000000000000000e+02 6.650000000000000000e+02 7.360000000000000000e+02 7.340000000000000000e+02
1.133000000000000000e+03 1.087000000000000000e+03 1.113000000000000000e+03 1.100000000000000000e+03 1.086000000000000000e+03 2.863000000000000000e+03 1.853000000000000000e+03 1.086000000000000000e+03 1.057000000000000000e+03 1.144000000000000000e+03 1.108000000000000000e+03 1.140000000000000000e+03 1.098000000000000000e+03 1.112000000000000000e+03 1.084000000000000000e+03 1.130000000000000000e+03 1.111000000000000000e+03 1.115000000000000000e+03 1.106000000000000000e+03 1.064000000000000000e+03 1.120000000000000000e+03
3.780000000000000000e+03 3.770000000000000000e+03 3.824000000000000000e+03 3.826000000000000000e+03 3.782000000000000000e+03 3.733000000000000000e+03 3.821000000000000000e+03 1.254700000000000000e+04 3.701000000000000000e+03 3.761000000000000000e+03 3.704000000000000000e+03 3.765000000000000000e+03 3.722000000000000000e+03 3.765000000000000000e+03 3.725000000000000000e+03 3.781000000000000000e+03 3.826000000000000000e+03 3.686000000000000000e+03 3.707000000000000000e+03 3.783000000000000000e+03 3.772000000000000000e+03
3.700000000000000000e+02 6.040000000000000000e+02 4.880000000000000000e+02 3.700000000000000000e+02 4.040000000000000000e+02 1.110000000000000000e+03 4.120000000000000000e+02 4.270000000000000000e+02 4.360000000000000000e+02 4.050000000000000000e+02 3.770000000000000000e+02 3.870000000000000000e+02 4.040000000000000000e+02 3.830000000000000000e+02 4.260000000000000000e+02 4.100000000000000000e+02 3.800000000000000000e+02 4.080000000000000000e+02 3.910000000000000000e+02 3.800000000000000000e+02 4.130000000000000000e+02
9.920000000000000000e+02 9.330000000000000000e+02 1.242000000000000000e+03 1.797000000000000000e+03 2.121000000000000000e+03 1.063000000000000000e+03 9.610000000000000000e+02 9.990000000000000000e+02 1.021000000000000000e+03 9.740000000000000000e+02 9.990000000000000000e+02 1.016000000000000000e+03 9.960000000000000000e+02 9.930000000000000000e+02 9.940000000000000000e+02 1.017000000000000000e+03 1.017000000000000000e+03 9.470000000000000000e+02 1.004000000000000000e+03 9.980000000000000000e+02 1.034000000000000000e+03
3.747000000000000000e+03 3.745000000000000000e+03 3.697000000000000000e+03 3.729000000000000000e+03 3.846000000000000000e+03 4.072000000000000000e+03 1.199700000000000000e+04 3.822000000000000000e+03 3.712000000000000000e+03 3.684000000000000000e+03 3.699000000000000000e+03 3.775000000000000000e+03 3.719000000000000000e+03 3.800000000000000000e+03 3.638000000000000000e+03 3.783000000000000000e+03 3.655000000000000000e+03 3.718000000000000000e+03 3.649000000000000000e+03 3.811000000000000000e+03 3.652000000000000000e+03
2.320000000000000000e+02 1.810000000000000000e+02 4.770000000000000000e+02 1.950000000000000000e+02 1.650000000000000000e+02 1.800000000000000000e+02 1.680000000000000000e+02 1.710000000000000000e+02 1.420000000000000000e+02 1.700000000000000000e+02 1.580000000000000000e+02 1.920000000000000000e+02 1.800000000000000000e+02 1.780000000000000000e+02 1.570000000000000000e+02 1.490000000000000000e+02 1.790000000000000000e+02 1.510000000000000000e+02 1.710000000000000000e+02 1.570000000000000000e+02 1.500000000000000000e+02
1.221000000000000000e+03 2.442000000000000000e+03 8.360000000000000000e+02 8.680000000000000000e+02 8.760000000000000000e+02 8.730000000000000000e+02 8.510000000000000000e+02 8.640000000000000000e+02 8.470000000000000000e+02 8.720000000000000000e+02 8.310000000000000000e+02 9.020000000000000000e+02 8.410000000000000000e+02 8.080000000000000000e+02 8.810000000000000000e+02 9.210000000000000000e+02 8.710000000000000000e+02 8.540000000000000000e+02 8.480000000000000000e+02 9.350000000000000000e+02 8.350000000000000000e+02
3.623000000000000000e+03 3.484000000000000000e+03 3.648000000000000000e+03 3.671000000000000000e+03 1.046100000000000000e+04 5.287000000000000000e+03 3.674000000000000000e+03 3.603000000000000000e+03 3.495000000000000000e+03 3.608000000000000000e+03 3.638000000000000000e+03 3.638000000000000000e+03 3.608000000000000000e+03 3.717000000000000000e+03 3.557000000000000000e+03 3.614000000000000000e+03 3.554000000000000000e+03 3.646000000000000000e+03 3.566000000000000000e+03 3.669000000000000000e+03 3.653000000000000000e+03
4.900000000000000000e+01 1.900000000000000000e+01 2.000000000000000000e+01 2.700000000000000000e+01 3.000000000000000000e+01 2.200000000000000000e+01 9.000000000000000000e+00 2.900000000000000000e+01 1.800000000000000000e+01 2.400000000000000000e+01 2.300000000000000000e+01 2.700000000000000000e+01 2.400000000000000000e+01 2.200000000000000000e+01 1.800000000000000000e+01 1.500000000000000000e+01 2.600000000000000000e+01 2.700000000000000000e+01 1.700000000000000000e+01 2.400000000000000000e+01 2.900000000000000000e+01
8.530000000000000000e+02 7.080000000000000000e+02 2.080000000000000000e+03 6.640000000000000000e+02 6.890000000000000000e+02 6.950000000000000000e+02 7.120000000000000000e+02 7.170000000000000000e+02 7.070000000000000000e+02 7.290000000000000000e+02 7.070000000000000000e+02 6.840000000000000000e+02 6.650000000000000000e+02 7.280000000000000000e+02 6.840000000000000000e+02 7.270000000000000000e+02 6.800000000000000000e+02 7.060000000000000000e+02 7.350000000000000000e+02 7.080000000000000000e+02 6.880000000000000000e+02
3.538000000000000000e+03 3.519000000000000000e+03 3.552000000000000000e+03 1.046200000000000000e+04 4.969000000000000000e+03 3.467000000000000000e+03 3.581000000000000000e+03 3.559000000000000000e+03 3.515000000000000000e+03 3.610000000000000000e+03 3.625000000000000000e+03 3.593000000000000000e+03 3.630000000000000000e+03 3.500000000000000000e+03 3.548000000000000000e+03 3.606000000000000000e+03 3.582000000000000000e+03 3.608000000000000000e+03 3.616000000000000000e+03 3.536000000000000000e+03 3.655000000000000000e+03
0.000000000000000000e+00 0.000000000000000000e+00 0.000000000000000000e+00 0.000000000000000000e+00 0.000000000000000000e+00 0.000000000000000000e+00 0.000000000000000000e+00 0.000000000000000000e+00 0.000000000000000000e+00 0.000000000000000000e+00 0.000000000000000000e+00 0.000000000000000000e+00 0.000000000000000000e+00 0.000000000000000000e+00 0.000000000000000000e+00 0.000000000000000000e+00 0.000000000000000000e+00 0.000000000000000000e+00 0.000000000000000000e+00 0.000000000000000000e+00 0.000000000000000000e+00
4.690000000000000000e+02 4.600000000000000000e+02 4.730000000000000000e+02 1.031000000000000000e+03 1.105000000000000000e+03 5.160000000000000000e+02 5.270000000000000000e+02 4.970000000000000000e+02 5.040000000000000000e+02 4.690000000000000000e+02 4.790000000000000000e+02 4.740000000000000000e+02 5.170000000000000000e+02 4.870000000000000000e+02 5.380000000000000000e+02 5.100000000000000000e+02 5.010000000000000000e+02 5.400000000000000000e+02 4.700000000000000000e+02 5.250000000000000000e+02 4.990000000000000000e+02
3.726000000000000000e+03 7.718000000000000000e+03 7.311000000000000000e+03 4.381000000000000000e+03 3.688000000000000000e+03 3.616000000000000000e+03 3.683000000000000000e+03 3.656000000000000000e+03 3.617000000000000000e+03 3.652000000000000000e+03 3.630000000000000000e+03 3.607000000000000000e+03 3.696000000000000000e+03 3.627000000000000000e+03 3.683000000000000000e+03 3.662000000000000000e+03 3.738000000000000000e+03 3.650000000000000000e+03 3.666000000000000000e+03 3.563000000000000000e+03 3.587000000000000000e+03
0.000000000000000000e+00 0.000000000000000000e+00 0.000000000000000000e+00 0.000000000000000000e+00 0.000000000000000000e+00 0.000000000000000000e+00 0.000000000000000000e+00 0.000000000000000000e+00 0.000000000000000000e+00 0.000000000000000000e+00 0.000000000000000000e+00 0.000000000000000000e+00 0.000000000000000000e+00 0.000000000000000000e+00 0.000000000000000000e+00 0.000000000000000000e+00 0.000000000000000000e+00 0.000000000000000000e+00 0.000000000000000000e+00 0.000000000000000000e+00 0.000000000000000000e+00
1.051000000000000000e+03 3.400000000000000000e+02 3.040000000000000000e+02 3.550000000000000000e+02 2.780000000000000000e+02 3.240000000000000000e+02 3.490000000000000000e+02 3.290000000000000000e+02 3.370000000000000000e+02 3.320000000000000000e+02 3.510000000000000000e+02 3.380000000000000000e+02 3.100000000000000000e+02 3.650000000000000000e+02 3.330000000000000000e+02 2.950000000000000000e+02 3.170000000000000000e+02 3.080000000000000000e+02 3.480000000000000000e+02 3.530000000000000000e+02 3.080000000000000000e+02
8.068000000000000000e+03 6.185000000000000000e+03 3.265000000000000000e+03 3.240000000000000000e+03 3.199000000000000000e+03 3.250000000000000000e+03 3.194000000000000000e+03 3.300000000000000000e+03 3.210000000000000000e+03 3.176000000000000000e+03 3.170000000000000000e+03 3.216000000000000000e+03 3.311000000000000000e+03 3.205000000000000000e+03 3.285000000000000000e+03 3.274000000000000000e+03 3.296000000000000000e+03 3.287000000000000000e+03 3.280000000000000000e+03 3.341000000000000000e+03 3.216000000000000000e+03
0.000000000000000000e+00 0.000000000000000000e+00 0.000000000000000000e+00 0.000000000000000000e+00 0.000000000000000000e+00 0.000000000000000000e+00 0.000000000000000000e+00 0.000000000000000000e+00 0.000000000000000000e+00 0.000000000000000000e+00 0.000000000000000000e+00 0.000000000000000000e+00 0.000000000000000000e+00 0.000000000000000000e+00 0.000000000000000000e+00 0.000000000000000000e+00 0.000000000000000000e+00 0.000000000000000000e+00 0.000000000000000000e+00 0.000000000000000000e+00 0.000000000000000000e+00
1.690000000000000000e+02 5.570000000000000000e+02 3.050000000000000000e+02 1.950000000000000000e+02 1.880000000000000000e+02 1.790000000000000000e+02 1.950000000000000000e+02 1.910000000000000000e+02 1.760000000000000000e+02 1.930000000000000000e+02 1.790000000000000000e+02 2.000000000000000000e+02 1.980000000000000000e+02 1.680000000000000000e+02 2.020000000000000000e+02 1.720000000000000000e+02 1.790000000000000000e+02 1.790000000000000000e+02 1.800000000000000000e+02 1.780000000000000000e+02 1.740000000000000000e+02
1.044100000000000000e+04 3.082000000000000000e+03 3.106000000000000000e+03 3.068000000000000000e+03 3.163000000000000000e+03 3.116000000000000000e+03 3.222000000000000000e+03 3.243000000000000000e+03 3.260000000000000000e+03 3.274000000000000000e+03 3.157000000000000000e+03 3.292000000000000000e+03 3.265000000000000000e+03 3.212000000000000000e+03 3.245000000000000000e+03 3.113000000000000000e+03 3.206000000000000000e+03 3.218000000000000000e+03 3.205000000000000000e+03 3.259000000000000000e+03 3.140000000000000000e+03
0.000000000000000000e+00 0.000000000000000000e+00 0.000000000000000000e+00 0.000000000000000000e+00 0.000000000000000000e+00 0.000000000000000000e+00 0.000000000000000000e+00 0.000000000000000000e+00 0.000000000000000000e+00 0.000000000000000000e+00 0.000000000000000000e+00 0.000000000000000000e+00 0.000000000000000000e+00 0.000000000000000000e+00 0.000000000000000000e+00 0.000000000000000000e+00 0.000000000000000000e+00 0.000000000000000000e+00 0.000000000000000000e+00 0.000000000000000000e+00 0.000000000000000000e+00
8.900000000000000000e+01 1.460000000000000000e+02 1.560000000000000000e+02 7.700000000000000000e+01 8.600000000000000000e+01 6.900000000000000000e+01 8.100000000000000000e+01 8.300000000000000000e+01 7.500000000000000000e+01 8.300000000000000000e+01 8.500000000000000000e+01 7.800000000000000000e+01 7.400000000000000000e+01 7.700000000000000000e+01 8.600000000000000000e+01 8.200000000000000000e+01 8.600000000000000000e+01 7.100000000000000000e+01 8.900000000000000000e+01 6.500000000000000000e+01 7.800000000000000000e+01
9.777000000000000000e+03 2.995000000000000000e+03 2.877000000000000000e+03 2.902000000000000000e+03 3.003000000000000000e+03 2.884000000000000000e+03 2.913000000000000000e+03 2.905000000000000000e+03 2.883000000000000000e+03 2.932000000000000000e+03 2.974000000000000000e+03 2.852000000000000000e+03 2.889000000000000000e+03 2.908000000000000000e+03 2.993000000000000000e+03 2.848000000000000000e+03 3.010000000000000000e+03 2.898000000000000000e+03 2.981000000000000000e+03 2.903000000000000000e+03 3.052000000000000000e+03
0.000000000000000000e+00 0.000000000000000000e+00 0.000000000000000000e+00 0.000000000000000000e+00 0.000000000000000000e+00 0.000000000000000000e+00 0.000000000000000000e+00 0.000000000000000000e+00 0.000000000000000000e+00 0.000000000000000000e+00 0.000000000000000000e+00 0.000000000000000000e+00 0.000000000000000000e+00 0.000000000000000000e+00 0.000000000000000000e+00 0.000000000000000000e+00 0.000000000000000000e+00 0.000000000000000000e+00 0.000000000000000000e+00 0.000000000000000000e+00 0.000000000000000000e+00
7.000000000000000000e+00 8.000000000000000000e+00 1.000000000000000000e+01 1.200000000000000000e+01 9.000000000000000000e+00 6.000000000000000000e+00 1.000000000000000000e+01 8.000000000000000000e+00 9.000000000000000000e+00 7.000000000000000000e+00 1.000000000000000000e+01 5.000000000000000000e+00 1.000000000000000000e+01 8.000000000000000000e+00 1.100000000000000000e+01 8.000000000000000000e+00 6.000000000000000000e+00 7.000000000000000000e+00 1.100000000000000000e+01 9.000000000000000000e+00 1.000000000000000000e+01
1.697280000000000000e+05 5.800600000000000000e+04 5.205400000000000000e+04 5.211300000000000000e+04 5.262000000000000000e+04 5.263000000000000000e+04 5.293500000000000000e+04 5.200900000000000000e+04 5.243200000000000000e+04 5.246800000000000000e+04 5.272100000000000000e+04 5.235200000000000000e+04 5.247600000000000000e+04 5.255200000000000000e+04 5.258500000000000000e+04 5.283800000000000000e+04 5.286600000000000000e+04 5.234000000000000000e+04 5.241100000000000000e+04 5.244100000000000000e+04 5.259000000000000000e+04
