5.000000000000000000e-01
2.993059065879477121e+00
4.465281511356182342e+00
4.974320095535450292e+00
5.062124312605003951e+00
5.040398064968108827e+00
5.014876610940229185e+00
5.002945979714210623e+00
4.999589523805731517e+00
4.999331421078476723e+00
4.999664774400557121e+00
4.999898735120288151e+00
4.999988735647913352e+00
5.000007958186930779e+00
5.000006335901639787e+00
5.000002596099675678e+00
5.000000627386448571e+00
5.000000002298879309e+00
4.999999913225980919e+00
4.999999944172038191e+00
4.999999977912386484e+00
4.999999994630204725e+00
5.000000000028971492e+00
5.000000000813674461e+00
5.000000000546628520e+00
5.000000000235114150e+00
5.000000000068415495e+00
5.000000000007258194e+00
4.999999999993539390e+00
4.999999999994417799e+00
4.999999999997291056e+00
4.999999999999092282e+00
4.999999999999834799e+00
5.000000000000039080e+00
5.000000000000059508e+00
5.000000000000037303e+00
5.000000000000015099e+00
5.000000000000004441e+00
5.000000000000006217e+00
5.000000000000003553e+00
5.000000000000001776e+00
5.000000000000006217e+00
5.000000000000007994e+00
5.000000000000004441e+00
5.000000000000006217e+00
5.000000000000003553e+00
5.000000000000005329e+00
5.000000000000003553e+00
5.000000000000001776e+00
5.000000000000000000e+00
5.000000000000000000e+00
5.000000000000000000e+00
5.000000000000006217e+00
5.000000000000004441e+00
5.000000000000007105e+00
5.000000000000003553e+00
5.000000000000001776e+00
5.000000000000000000e+00
5.000000000000004441e+00
5.000000000000006217e+00
5.000000000000003553e+00
5.000000000000001776e+00
5.000000000000006217e+00
5.000000000000007994e+00
5.000000000000004441e+00
5.000000000000000888e+00
5.000000000000000000e+00
5.000000000000004441e+00
5.000000000000002665e+00
5.000000000000006217e+00
5.000000000000003553e+00
5.000000000000001776e+00
5.000000000000000000e+00
5.000000000000004441e+00
5.000000000000002665e+00
5.000000000000000888e+00
4.999999999999999112e+00
5.000000000000003553e+00
5.000000000000005329e+00
5.000000000000003553e+00
5.000000000000001776e+00
5.000000000000000000e+00
5.000000000000006217e+00
5.000000000000009770e+00
5.000000000000005329e+00
5.000000000000007994e+00
5.000000000000004441e+00
5.000000000000001776e+00
5.000000000000000000e+00
5.000000000000004441e+00
5.000000000000002665e+00
5.000000000000000888e+00
5.000000000000000000e+00
5.000000000000006217e+00
5.000000000000007994e+00
5.000000000000004441e+00
5.000000000000006217e+00
5.000000000000003553e+00
5.000000000000000888e+00
5.000000000000004441e+00
5.000000000000006217e+00
