5.000000000000000000e-01
3.253355181145881847e+00
4.215181827118469116e+00
4.647358378925180666e+00
4.841547785346011601e+00
4.928802890610591625e+00
4.968009081625429424e+00
4.985625544895093242e+00
4.993541133967723589e+00
4.997097837031505563e+00
4.998695944058090035e+00
4.999414006252759002e+00
4.999736666957979914e+00
4.999881655429255112e+00
4.999946808946774013e+00
4.999976103574555353e+00
4.999989297597589477e+00
4.999995207409831721e+00
4.999997864139056780e+00
4.999999048834204984e+00
4.999999577266877715e+00
4.999999814045009039e+00
4.999999917038081776e+00
4.999999963009639004e+00
4.999999983528510050e+00
4.999999993361883277e+00
4.999999999110250393e+00
5.000000003849472741e+00
4.999999998971322412e+00
7.336557252640071525e+00
5.774547402537050012e+00
5.348026646749973523e+00
5.156378519697470963e+00
5.070265463210454904e+00
5.031572290148047522e+00
5.014186355775871462e+00
5.006374422078662789e+00
5.002864257065850140e+00
5.001287041618775575e+00
5.000578356540041902e+00
5.000259904756320317e+00
5.000116806298200878e+00
5.000052500294745350e+00
5.000023583723235632e+00
5.000010561309472301e+00
5.000004731008309555e+00
5.000002108273586821e+00
5.000000938912958937e+00
5.000000417008538811e+00
5.000000183344744720e+00
5.000000081821988296e+00
5.000000036477953991e+00
5.000000016244162460e+00
5.000000007221968801e+00
5.000000001263080307e+00
4.999999996617161990e+00
5.000000001386296411e+00
4.999999996760069010e+00
5.000000001500572111e+00
7.569299668239169776e+00
6.154460823366052935e+00
5.518732746373235187e+00
5.233081711377536749e+00
5.104730428792369601e+00
5.047058436701354900e+00
5.021144709429731456e+00
5.009500949869655884e+00
5.004269089646622426e+00
5.001918277238924126e+00
5.000862018493679173e+00
5.000387382725167029e+00
5.000174092033595308e+00
5.000078247017373023e+00
5.000035172001807027e+00
5.000015776248076804e+00
5.000007058850772346e+00
5.000003152241192517e+00
5.000001403718566273e+00
5.000000625164044976e+00
5.000000278425130062e+00
5.000000124000487212e+00
5.000000041493699143e+00
5.000000018477782859e+00
5.000000008220085057e+00
5.000000001879776335e+00
4.999999997298949062e+00
5.000000001938159855e+00
4.999999997358475667e+00
5.000000001988919252e+00
7.315153219796971307e+00
5.489594438900107676e+00
5.219989025813243977e+00
5.098847505453830919e+00
5.044415060326119082e+00
5.019956967281621552e+00
5.008967264856380552e+00
5.004029290669981478e+00
5.001810530131129084e+00
5.000813640706319063e+00
5.000365661592875099e+00
