5.000000000000000000e-01
3.253355181145881847e+00
4.215181827118469116e+00
4.647358378925180666e+00
4.841547785346011601e+00
4.928802890610591625e+00
4.968009081625429424e+00
4.985625544895093242e+00
4.993541133967723589e+00
4.997097837031505563e+00
4.998695944058090035e+00
4.999414006252759002e+00
4.999736666957979914e+00
4.999881655429255112e+00
4.999946808946774013e+00
4.999976103574555353e+00
4.999989297597589477e+00
4.999995207409831721e+00
4.999997864139056780e+00
4.999999048834204984e+00
4.999999577266877715e+00
4.999999814045009039e+00
4.999999917038081776e+00
4.999999963009639004e+00
4.999999983528510050e+00
4.999999993361883277e+00
4.999999999110250393e+00
5.000000003849472741e+00
4.999999998971322412e+00
5.756285010527721901e+00
5.339820825254564696e+00
5.152691406766249038e+00
5.068608736832411310e+00
5.030827874345513706e+00
5.013851868955383928e+00
5.006224121581705155e+00
5.002796720938583519e+00
5.001256695008309272e+00
5.000564720106902783e+00
5.000253776927591431e+00
5.000114052914781837e+00
5.000051262951873632e+00
5.000023026431417605e+00
5.000010310804659852e+00
5.000004619593984678e+00
5.000002058446260556e+00
5.000000916729945288e+00
5.000000407039660644e+00
5.000000178958136310e+00
5.000000079952385157e+00
5.000000035640654872e+00
5.000000015871553849e+00
5.000000007054814510e+00
5.000000001159458307e+00
4.999999996493780685e+00
5.000000001288647411e+00
4.999999996647709999e+00
5.000000001410231931e+00
4.999999996786957723e+00
4.204668859177802531e+00
4.642634635203902072e+00
4.839425332451098960e+00
4.927849089558840490e+00
4.967580521801870042e+00
4.985432979422030009e+00
4.993454589481672201e+00
4.997058912399137576e+00
4.998678397273668139e+00
4.999406096291615142e+00
4.999733101256251366e+00
4.999880047329294364e+00
4.999946084379408795e+00
4.999975780053105723e+00
4.999989152941290094e+00
4.999995140586571907e+00
4.999997834272144281e+00
4.999999035482330711e+00
4.999999570440196273e+00
4.999999808690041014e+00
4.999999914802877754e+00
4.999999962010963195e+00
4.999999983082301647e+00
4.999999992478789679e+00
4.999999998539026436e+00
5.000000003140964822e+00
4.999999998432758552e+00
5.000000003023938433e+00
4.999999998337159468e+00
5.000000002920881315e+00
5.898978515665979749e+00
5.403937147974251509e+00
5.181500725097692772e+00
5.081553596742317325e+00
5.036644384127303198e+00
5.016465388362647992e+00
5.007398402574161800e+00
5.003324358494501745e+00
5.001493791906591824e+00
5.000671308646176705e+00
5.000301695792574996e+00
