1.500000000000000000e+01 1.600000000000000000e+01 2.100000000000000000e+01 8.000000000000000000e+00 1.600000000000000000e+01 1.000000000000000000e+01 1.400000000000000000e+01 7.000000000000000000e+00 1.700000000000000000e+01 1.400000000000000000e+01 1.300000000000000000e+01 2.000000000000000000e+01 1.800000000000000000e+01 1.600000000000000000e+01 2.200000000000000000e+01 1.500000000000000000e+01 1.500000000000000000e+01 2.500000000000000000e+01 3.600000000000000000e+01 1.803000000000000000e+03 2.200000000000000000e+01
2.000000000000000000e+00 4.000000000000000000e+00 5.000000000000000000e+00 3.000000000000000000e+00 7.000000000000000000e+00 2.000000000000000000e+00 2.000000000000000000e+00 5.000000000000000000e+00 4.000000000000000000e+00 4.000000000000000000e+00 7.000000000000000000e+00 4.000000000000000000e+00 4.000000000000000000e+00 6.000000000000000000e+00 5.000000000000000000e+00 4.000000000000000000e+00 7.000000000000000000e+00 6.000000000000000000e+00 7.000000000000000000e+00 7.000000000000000000e+00 2.170000000000000000e+02
8.000000000000000000e+00 7.000000000000000000e+00 3.000000000000000000e+00 5.000000000000000000e+00 1.000000000000000000e+01 4.000000000000000000e+00 4.000000000000000000e+00 8.000000000000000000e+00 8.000000000000000000e+00 1.000000000000000000e+01 8.000000000000000000e+00 1.200000000000000000e+01 5.000000000000000000e+00 8.000000000000000000e+00 7.000000000000000000e+00 8.000000000000000000e+00 7.000000000000000000e+00 4.000000000000000000e+00 7.000000000000000000e+00 8.000000000000000000e+00 4.830000000000000000e+02
8.000000000000000000e+00 7.000000000000000000e+00 1.000000000000000000e+01 1.100000000000000000e+01 2.000000000000000000e+00 6.000000000000000000e+00 4.000000000000000000e+00 8.000000000000000000e+00 3.000000000000000000e+00 9.000000000000000000e+00 6.000000000000000000e+00 9.000000000000000000e+00 7.000000000000000000e+00 5.000000000000000000e+00 1.500000000000000000e+01 1.100000000000000000e+01 1.200000000000000000e+01 1.200000000000000000e+01 5.000000000000000000e+00 2.200000000000000000e+01 1.190000000000000000e+03
1.500000000000000000e+01 1.300000000000000000e+01 2.400000000000000000e+01 1.200000000000000000e+01 2.300000000000000000e+01 1.200000000000000000e+01 1.800000000000000000e+01 1.300000000000000000e+01 2.100000000000000000e+01 2.000000000000000000e+01 2.000000000000000000e+01 1.700000000000000000e+01 1.700000000000000000e+01 2.200000000000000000e+01 1.700000000000000000e+01 1.400000000000000000e+01 1.800000000000000000e+01 2.300000000000000000e+01 1.080000000000000000e+02 1.964000000000000000e+03 2.500000000000000000e+01
1.200000000000000000e+01 2.000000000000000000e+01 1.700000000000000000e+01 1.500000000000000000e+01 1.200000000000000000e+01 1.300000000000000000e+01 1.000000000000000000e+01 2.200000000000000000e+01 1.600000000000000000e+01 1.700000000000000000e+01 1.500000000000000000e+01 1.800000000000000000e+01 2.100000000000000000e+01 1.400000000000000000e+01 1.100000000000000000e+01 2.000000000000000000e+01 2.300000000000000000e+01 9.700000000000000000e+02 1.376000000000000000e+03 2.600000000000000000e+01 2.000000000000000000e+01
1.900000000000000000e+01 1.600000000000000000e+01 1.300000000000000000e+01 1.600000000000000000e+01 2.500000000000000000e+01 1.100000000000000000e+01 1.500000000000000000e+01 1.500000000000000000e+01 1.200000000000000000e+01 1.400000000000000000e+01 1.500000000000000000e+01 2.100000000000000000e+01 1.700000000000000000e+01 1.400000000000000000e+01 2.300000000000000000e+01 7.660000000000000000e+02 1.374000000000000000e+03 2.200000000000000000e+01 1.600000000000000000e+01 1.100000000000000000e+01 1.800000000000000000e+01
1.800000000000000000e+01 1.800000000000000000e+01 1.300000000000000000e+01 1.100000000000000000e+01 1.600000000000000000e+01 1.700000000000000000e+01 2.100000000000000000e+01 1.400000000000000000e+01 1.700000000000000000e+01 1.700000000000000000e+01 1.800000000000000000e+01 1.800000000000000000e+01 2.900000000000000000e+01 2.100000000000000000e+01 2.137000000000000000e+03 6.600000000000000000e+01 2.100000000000000000e+01 1.900000000000000000e+01 1.600000000000000000e+01 1.500000000000000000e+01 1.800000000000000000e+01
1.600000000000000000e+01 1.800000000000000000e+01 2.100000000000000000e+01 1.300000000000000000e+01 2.000000000000000000e+01 2.100000000000000000e+01 1.200000000000000000e+01 1.100000000000000000e+01 1.600000000000000000e+01 2.300000000000000000e+01 1.500000000000000000e+01 2.400000000000000000e+01 6.000000000000000000e+01 2.203000000000000000e+03 2.000000000000000000e+01 2.400000000000000000e+01 1.400000000000000000e+01 1.600000000000000000e+01 2.100000000000000000e+01 2.000000000000000000e+01 1.100000000000000000e+01
5.100000000000000000e+01 4.800000000000000000e+01 4.600000000000000000e+01 4.500000000000000000e+01 4.500000000000000000e+01 5.300000000000000000e+01 4.900000000000000000e+01 5.500000000000000000e+01 4.600000000000000000e+01 5.100000000000000000e+01 4.900000000000000000e+01 7.313000000000000000e+03 1.240000000000000000e+02 3.900000000000000000e+01 5.200000000000000000e+01 3.700000000000000000e+01 4.700000000000000000e+01 5.900000000000000000e+01 5.900000000000000000e+01 4.700000000000000000e+01 5.500000000000000000e+01
1.358000000000000000e+03 1.329000000000000000e+03 1.347000000000000000e+03 1.381000000000000000e+03 1.338000000000000000e+03 1.315000000000000000e+03 1.309000000000000000e+03 1.351000000000000000e+03 1.270000000000000000e+03 1.501000000000000000e+03 2.251540000000000000e+05 1.401000000000000000e+03 1.403000000000000000e+03 1.418000000000000000e+03 1.286000000000000000e+03 1.322000000000000000e+03 1.334000000000000000e+03 1.409000000000000000e+03 1.358000000000000000e+03 1.341000000000000000e+03 1.320000000000000000e+03
3.500000000000000000e+01 3.800000000000000000e+01 2.600000000000000000e+01 4.200000000000000000e+01 3.700000000000000000e+01 3.200000000000000000e+01 4.700000000000000000e+01 3.500000000000000000e+01 3.700000000000000000e+01 6.344000000000000000e+03 4.700000000000000000e+01 3.400000000000000000e+01 3.200000000000000000e+01 3.700000000000000000e+01 4.400000000000000000e+01 4.300000000000000000e+01 4.200000000000000000e+01 4.700000000000000000e+01 3.500000000000000000e+01 3.900000000000000000e+01 4.500000000000000000e+01
1.600000000000000000e+01 2.000000000000000000e+01 2.000000000000000000e+01 2.300000000000000000e+01 1.400000000000000000e+01 1.600000000000000000e+01 2.300000000000000000e+01 2.097000000000000000e+03 1.410000000000000000e+02 1.100000000000000000e+01 1.800000000000000000e+01 1.400000000000000000e+01 1.400000000000000000e+01 1.500000000000000000e+01 8.000000000000000000e+00 1.500000000000000000e+01 9.000000000000000000e+00 1.600000000000000000e+01 2.000000000000000000e+01 1.300000000000000000e+01 1.000000000000000000e+01
1.300000000000000000e+01 1.600000000000000000e+01 9.000000000000000000e+00 1.400000000000000000e+01 1.100000000000000000e+01 2.200000000000000000e+01 1.779000000000000000e+03 1.100000000000000000e+01 2.300000000000000000e+01 1.100000000000000000e+01 1.400000000000000000e+01 1.300000000000000000e+01 1.400000000000000000e+01 1.000000000000000000e+01 1.200000000000000000e+01 1.900000000000000000e+01 1.000000000000000000e+01 1.500000000000000000e+01 7.000000000000000000e+00 1.600000000000000000e+01 1.800000000000000000e+01
1.400000000000000000e+01 1.100000000000000000e+01 1.700000000000000000e+01 1.800000000000000000e+01 3.000000000000000000e+01 1.718000000000000000e+03 1.700000000000000000e+01 1.700000000000000000e+01 1.600000000000000000e+01 2.100000000000000000e+01 1.600000000000000000e+01 1.600000000000000000e+01 2.400000000000000000e+01 1.300000000000000000e+01 1.800000000000000000e+01 1.100000000000000000e+01 1.100000000000000000e+01 1.400000000000000000e+01 1.400000000000000000e+01 1.000000000000000000e+01 1.300000000000000000e+01
1.600000000000000000e+01 1.200000000000000000e+01 1.100000000000000000e+01 1.760000000000000000e+03 3.600000000000000000e+01 1.200000000000000000e+01 1.100000000000000000e+01 1.300000000000000000e+01 1.300000000000000000e+01 2.100000000000000000e+01 1.500000000000000000e+01 1.700000000000000000e+01 1.000000000000000000e+01 1.500000000000000000e+01 1.500000000000000000e+01 1.500000000000000000e+01 8.000000000000000000e+00 1.200000000000000000e+01 1.700000000000000000e+01 1.200000000000000000e+01 1.400000000000000000e+01
1.800000000000000000e+01 2.100000000000000000e+01 1.335000000000000000e+03 3.690000000000000000e+02 1.500000000000000000e+01 9.000000000000000000e+00 1.200000000000000000e+01 1.200000000000000000e+01 1.800000000000000000e+01 8.000000000000000000e+00 1.900000000000000000e+01 1.500000000000000000e+01 1.300000000000000000e+01 1.300000000000000000e+01 1.800000000000000000e+01 9.000000000000000000e+00 1.500000000000000000e+01 1.100000000000000000e+01 1.400000000000000000e+01 1.100000000000000000e+01 1.300000000000000000e+01
8.900000000000000000e+01 1.442000000000000000e+03 7.700000000000000000e+01 1.800000000000000000e+01 1.300000000000000000e+01 1.100000000000000000e+01 8.000000000000000000e+00 1.000000000000000000e+01 1.200000000000000000e+01 1.100000000000000000e+01 1.200000000000000000e+01 1.100000000000000000e+01 1.200000000000000000e+01 1.500000000000000000e+01 1.000000000000000000e+01 1.000000000000000000e+01 6.000000000000000000e+00 7.000000000000000000e+00 1.000000000000000000e+01 1.300000000000000000e+01 1.000000000000000000e+01
9.340000000000000000e+02 1.400000000000000000e+01 1.100000000000000000e+01 8.000000000000000000e+00 7.000000000000000000e+00 8.000000000000000000e+00 7.000000000000000000e+00 7.000000000000000000e+00 6.000000000000000000e+00 7.000000000000000000e+00 1.100000000000000000e+01 8.000000000000000000e+00 1.000000000000000000e+01 8.000000000000000000e+00 6.000000000000000000e+00 5.000000000000000000e+00 4.000000000000000000e+00 9.000000000000000000e+00 6.000000000000000000e+00 8.000000000000000000e+00 1.000000000000000000e+01
3.180000000000000000e+02 5.000000000000000000e+00 1.000000000000000000e+01 8.000000000000000000e+00 8.000000000000000000e+00 6.000000000000000000e+00 6.000000000000000000e+00 4.000000000000000000e+00 4.000000000000000000e+00 2.000000000000000000e+00 6.000000000000000000e+00 6.000000000000000000e+00 5.000000000000000000e+00 2.000000000000000000e+00 3.000000000000000000e+00 5.000000000000000000e+00 2.000000000000000000e+00 4.000000000000000000e+00 3.000000000000000000e+00 6.000000000000000000e+00 3.000000000000000000e+00
1.900000000000000000e+01 4.420000000000000000e+02 1.500000000000000000e+01 2.100000000000000000e+01 1.600000000000000000e+01 1.500000000000000000e+01 1.700000000000000000e+01 1.400000000000000000e+01 1.900000000000000000e+01 1.900000000000000000e+01 2.400000000000000000e+01 2.500000000000000000e+01 1.500000000000000000e+01 2.600000000000000000e+01 1.700000000000000000e+01 2.600000000000000000e+01 2.200000000000000000e+01 1.600000000000000000e+01 1.900000000000000000e+01 1.900000000000000000e+01 2.400000000000000000e+01
