9.270000000000000462e-01 3.177799999999999727e+02 6.590000000000000302e-01
9.101291889440242810e-01 3.230456718093054747e+02 6.590000000000000302e-01
8.896666776327464277e-01 3.247484589055235347e+02 6.590000000000000302e-01
8.803989269942968932e-01 3.246282847442255957e+02 6.590000000000000302e-01
8.796372339699471965e-01 3.241850079409129535e+02 6.590000000000000302e-01
8.810951291910601446e-01 3.239856763189095545e+02 6.590000000000000302e-01
8.819598445581873225e-01 3.239793588701874683e+02 6.590000000000000302e-01
8.820717782345293134e-01 3.240212595902528392e+02 6.590000000000000302e-01
8.819181523341531603e-01 3.240478237085150113e+02 6.590000000000000302e-01
8.817840417774814865e-01 3.240564240359993278e+02 6.590000000000000302e-01
8.817056066985129448e-01 3.240613853938834836e+02 6.590000000000000302e-01
8.816350693808456818e-01 3.240704095202357280e+02 6.590000000000000302e-01
8.815341704756517460e-01 3.240855678737411836e+02 6.590000000000000302e-01
8.813892851131389650e-01 3.241062825063347077e+02 6.590000000000000302e-01
8.812000740815517652e-01 3.241318474750980840e+02 6.590000000000000302e-01
8.809784442586442443e-01 3.241596159247113178e+02 6.590000000000000302e-01
8.807411543265071252e-01 3.241876357300456561e+02 6.590000000000000302e-01
8.804992434452177941e-01 3.242154102692171591e+02 6.590000000000000302e-01
8.802621296176766919e-01 3.242417130858586916e+02 6.590000000000000302e-01
8.800401216037176955e-01 3.242653367183311275e+02 6.590000000000000302e-01
8.798461857120963847e-01 3.192844948265865810e+02 6.590000000000000302e-01
8.812562960479380925e-01 3.260714449352687438e+02 6.590000000000000302e-01
8.621698849476729931e-01 3.274615988206227257e+02 6.590000000000000302e-01
8.595200138439086368e-01 3.260522174390616783e+02 6.590000000000000302e-01
8.682519028118346194e-01 3.246590897229602888e+02 6.590000000000000302e-01
8.757894026271498822e-01 3.241938158570576434e+02 6.590000000000000302e-01
8.790317257224624647e-01 3.241959849912012146e+02 6.590000000000000302e-01
8.797867722621114384e-01 3.242561880625559070e+02 6.590000000000000302e-01
8.798934724643004968e-01 3.242582522291552891e+02 6.590000000000000302e-01
8.800723767571841938e-01 3.242215096594929946e+02 6.590000000000000302e-01
8.803621766219685840e-01 3.241818451265996259e+02 6.590000000000000302e-01
8.806375300133981732e-01 3.241554476351937524e+02 6.590000000000000302e-01
8.808320059774293886e-01 3.241413641732627866e+02 6.590000000000000302e-01
8.809453753712311874e-01 3.241350965460624138e+02 6.590000000000000302e-01
8.809932043648673883e-01 3.241350234701525892e+02 6.590000000000000302e-01
8.809883879402738982e-01 3.241398717005606045e+02 6.590000000000000302e-01
8.809372996859385907e-01 3.241497308937182993e+02 6.590000000000000302e-01
8.808321745718149520e-01 3.241669212468593742e+02 6.590000000000000302e-01
8.806642970425740957e-01 3.241918487510280329e+02 6.590000000000000302e-01
8.804455374373726384e-01 3.242207025776315845e+02 6.590000000000000302e-01
