3.000000000000000000e+00 6.000000000000000000e+00
5.765321233743393670e+00 7.138081238965468422e+00
5.190356118407087216e+00 7.085229288090900468e+00
5.037080861901068296e+00 7.045052061052926362e+00
5.001347846370035377e+00 7.022044983564099674e+00
4.995698918259237509e+00 7.010251872743688217e+00
4.996409209118172434e+00 7.004543262740719811e+00
4.997733472532945420e+00 7.001871364982878099e+00
4.998635434499732355e+00 7.000647044118675666e+00
4.999132961766778571e+00 7.000093997551818603e+00
4.999383166813115231e+00 6.999846428021617051e+00
4.999503051070274928e+00 6.999736358936225145e+00
4.999558805721457055e+00 6.999687660694075220e+00
4.999584263290562269e+00 6.999666298287475996e+00
4.999595731876090632e+00 6.999656872246850625e+00
4.999600860473356612e+00 6.999652725495576711e+00
4.999603141052152644e+00 6.999650913544051001e+00
4.999604148929079450e+00 6.999650114454396999e+00
4.999604594904341504e+00 6.999649760844529389e+00
4.999604792791454422e+00 6.999649603889379179e+00
4.999604882592074695e+00 6.999649531131668212e+00
4.999604923104713272e+00 6.999649494891301060e+00
4.999604941117513413e+00 6.999649478424437632e+00
4.999604949185406433e+00 6.999649470968832610e+00
4.999604952817072956e+00 6.999649467590520757e+00
4.999604954352404818e+00 6.999649466265546849e+00
4.999604955141180085e+00 6.999649465486345257e+00
4.999604955504478809e+00 6.999649465114339719e+00
4.999604955670483797e+00 6.999649464940156385e+00
4.999604955746898227e+00 6.999649464858634040e+00
4.999604955782349869e+00 6.999649464820426381e+00
