1.332999999999999963e+00 4.000000000000000000e+00
2.935065501885953498e+00 4.342326033236983740e+00
3.396121927350824965e+00 4.514301070348228251e+00
3.521371191951702340e+00 4.596598035592329268e+00
3.551793171119860038e+00 4.634843196008589850e+00
3.557333771875260897e+00 4.652285214092684029e+00
3.557282095758280249e+00 4.660140455666014425e+00
3.556470875209333027e+00 4.663647903307100329e+00
3.555864569088200700e+00 4.665204492987195195e+00
3.555519472978921236e+00 4.665892499617108946e+00
3.555343007157306889e+00 4.666195668322830947e+00
3.555257702532640618e+00 4.666328962204002728e+00
3.555217785291541421e+00 4.666387367813066511e+00
3.555199515753801887e+00 4.666412986129911289e+00
3.555191262731453250e+00 4.666424213178753888e+00
3.555187568397946141e+00 4.666429121680613079e+00
3.555185928503633797e+00 4.666431273330302609e+00
3.555185202237872932e+00 4.666432218155341261e+00
3.555184880881972376e+00 4.666432633790618567e+00
3.555184737574243581e+00 4.666432819455044623e+00
3.555184674224370678e+00 4.666432905280076149e+00
3.555184646186421826e+00 4.666432944212322020e+00
3.555184633663043936e+00 4.666432961865115914e+00
3.555184628036244465e+00 4.666432969872394310e+00
3.555184625567049839e+00 4.666432973324991629e+00
3.555184624386668713e+00 4.666432975020791574e+00
3.555184623852640780e+00 4.666432975819025941e+00
3.555184623610110783e+00 4.666432976193351401e+00
3.555184623498703900e+00 4.666432976368961150e+00
3.555184623447047887e+00 4.666432976451398318e+00
3.555184623422949830e+00 4.666432976490114015e+00
