1.000000000000000000e+00
7.963551044464111328e+00
1.126843261718750000e+01
1.124540138244628906e+01
9.786198616027832031e+00
9.658343315124511719e+00
9.995356559753417969e+00
1.017899322509765625e+01
9.935412406921386719e+00
1.004457569122314453e+01
1.003363132476806641e+01
1.001576042175292969e+01
1.003198719024658203e+01
1.002620315551757812e+01
1.002572727203369141e+01
1.002625656127929688e+01
1.002422523498535156e+01
1.002354145050048828e+01
1.002309608459472656e+01
1.002342700958251953e+01
1.002528953552246094e+01
1.002722644805908203e+01
1.002835083007812500e+01
1.002730274200439453e+01
1.002456378936767578e+01
1.002041435241699219e+01
1.001568317413330078e+01
1.001121616363525391e+01
1.000899314880371094e+01
1.000996971130371094e+01
1.001257228851318359e+01
