5.000000000000000000e-01
3.123180273974423216e+00
5.015002463217728135e+00
5.472844057184873101e+00
5.036062612190912446e+00
4.880190455437253050e+00
4.968706036002120463e+00
5.059709907301985332e+00
4.990394147506327371e+00
5.014422763804975425e+00
5.016225583672160759e+00
5.009938120531050920e+00
5.014500340147360014e+00
5.013446506275594849e+00
5.013007368917818063e+00
5.013098451947013423e+00
5.012355717347353412e+00
5.011914981798025970e+00
5.011638535073311473e+00
5.011695008666652740e+00
5.012410563569743793e+00
5.013316652054746747e+00
5.013963651381727615e+00
5.013728419971339889e+00
5.012638605695294736e+00
5.010806765709053145e+00
5.008572801422941367e+00
5.006339184109942941e+00
5.004950964154482485e+00
5.004976480751035517e+00
5.005963180759955833e+00
