1.000000000000000000e+00
1.090795040130615234e+01
1.022713756561279297e+01
1.000428009033203125e+01
9.925886154174804688e+00
9.962032318115234375e+00
9.978502273559570312e+00
9.984194755554199219e+00
9.984445571899414062e+00
9.981580734252929688e+00
9.976913452148437500e+00
9.971183776855468750e+00
9.964820861816406250e+00
9.958224296569824219e+00
9.951440811157226562e+00
9.944730758666992188e+00
9.938365936279296875e+00
9.932806015014648438e+00
9.927948951721191406e+00
9.923974037170410156e+00
9.920881271362304688e+00
9.918498992919921875e+00
9.916851043701171875e+00
9.915790557861328125e+00
9.915059089660644531e+00
9.914788246154785156e+00
9.914670944213867188e+00
9.914747238159179688e+00
9.915049552917480469e+00
9.915603637695312500e+00
9.916410446166992188e+00
