5.000000000000000000e-01
3.228010657196188404e+00
4.266332837874919903e+00
4.671520466804716776e+00
4.831998330338678649e+00
4.914058202053332991e+00
4.955464785910935532e+00
4.975637285143090338e+00
4.984770431837289628e+00
4.988085425642394100e+00
4.988289868390975990e+00
4.986804201074368059e+00
4.984384704561679591e+00
4.981481279291592124e+00
4.978308948364303710e+00
4.975036011805960001e+00
4.971812926414887812e+00
4.968833861250650408e+00
4.966157964137172698e+00
4.963861176153105959e+00
4.961977616787906165e+00
4.960475355643223061e+00
4.959346614772223383e+00
4.958547452311458770e+00
4.957986961031365603e+00
4.957660532551471100e+00
4.957481552467880803e+00
4.957422131685014222e+00
4.957478640308923268e+00
4.957656583875283296e+00
4.957958673747935308e+00
