5.000000000000000000e-01
3.528690718530460568e+00
4.889554383516801828e+00
4.999412062319191996e+00
4.992361518726717406e+00
4.993910203122573499e+00
4.994978925439010453e+00
4.996318039775821340e+00
4.997378989389987147e+00
4.998160032707642308e+00
4.998799292498650182e+00
4.999320232039330847e+00
4.999948696159155936e+00
5.000311436780411789e+00
5.000328237896755290e+00
4.999962668503359353e+00
4.999333907263371124e+00
4.998508635072868245e+00
4.997499482436071006e+00
4.996317377762402145e+00
4.995245835713923555e+00
4.994375481382428816e+00
4.993701606139620885e+00
4.993022799659963873e+00
4.992292150244581173e+00
4.991931545039903106e+00
4.992050938136896931e+00
4.992651781173389480e+00
4.993684549503353942e+00
4.995075253323674858e+00
4.996728404143691016e+00
