3.000000000000000000e+00 6.000000000000000000e+00
5.766340046380273421e+00 8.266340046380273421e+00
5.631945540758520607e+00 8.131945540758520607e+00
5.565366187527112096e+00 8.065366187527111208e+00
5.532382677448861585e+00 8.032382677448861585e+00
5.516042474014106745e+00 8.016042474014106745e+00
5.507947519233973743e+00 8.007947519233974631e+00
5.503937205201600236e+00 8.003937205201600236e+00
5.501950560793773981e+00 8.001950560793773093e+00
5.500966304996654621e+00 8.000966304996655509e+00
5.500478740011964796e+00 8.000478740011963907e+00
5.500237065806558689e+00 8.000237065806558689e+00
5.500117501936269804e+00 8.000117501936269804e+00
5.500058111926724891e+00 8.000058111926724891e+00
5.500028771545525608e+00 8.000028771545524719e+00
5.500014202191674251e+00 8.000014202191675139e+00
5.500007025617200895e+00 8.000007025617200895e+00
5.500003494556220396e+00 8.000003494556219508e+00
5.500001733463522946e+00 8.000001733463523834e+00
5.500000871765897692e+00 8.000000871765896804e+00
5.500000438639451872e+00 8.000000438639451872e+00
5.500000223419410084e+00 8.000000223419410972e+00
5.500000115322678518e+00 8.000000115322679406e+00
5.500000060982944028e+00 8.000000060982944916e+00
5.500000032790752336e+00 8.000000032790751447e+00
5.500000016949503134e+00 8.000000016949503134e+00
5.500000008751917413e+00 8.000000008751916525e+00
5.500000004806944176e+00 8.000000004806944176e+00
5.500000002852592829e+00 8.000000002852592829e+00
5.500000001884401080e+00 8.000000001884400191e+00
5.500000001404755423e+00 8.000000001404755423e+00
