3.000000000000000000e+00 6.000000000000000000e+00
5.657519340515136719e+00 8.175011634826660156e+00
5.462419509887695312e+00 8.013798713684082031e+00
5.521597385406494141e+00 8.045370101928710938e+00
5.525802612304687500e+00 8.035550117492675781e+00
5.529384613037109375e+00 8.029446601867675781e+00
5.534213542938232422e+00 8.026445388793945312e+00
5.539730072021484375e+00 8.025029182434082031e+00
5.545147418975830078e+00 8.024209976196289062e+00
5.549048423767089844e+00 8.023352622985839844e+00
5.552668571472167969e+00 8.022429466247558594e+00
5.555789470672607422e+00 8.021106719970703125e+00
5.558264732360839844e+00 8.019255638122558594e+00
5.559969902038574219e+00 8.016734123229980469e+00
5.560947895050048828e+00 8.013593673706054688e+00
5.561199188232421875e+00 8.009910583496093750e+00
5.560806274414062500e+00 8.005817413330078125e+00
5.559747695922851562e+00 8.001608848571777344e+00
5.558151721954345703e+00 7.997461318969726562e+00
5.556065082550048828e+00 7.993501186370849609e+00
5.553566932678222656e+00 7.989818096160888672e+00
5.550705909729003906e+00 7.986375331878662109e+00
5.547633171081542969e+00 7.983185768127441406e+00
5.544476032257080078e+00 7.980277061462402344e+00
5.541338443756103516e+00 7.977620124816894531e+00
5.538303375244140625e+00 7.975265502929687500e+00
5.535426139831542969e+00 7.973365306854248047e+00
5.532814979553222656e+00 7.972045421600341797e+00
5.530690193176269531e+00 7.971602439880371094e+00
5.529054641723632812e+00 7.972112655639648438e+00
5.527760028839111328e+00 7.973361015319824219e+00
5.526933193206787109e+00 7.975611209869384766e+00
5.526432991027832031e+00 7.978585720062255859e+00
5.526267051696777344e+00 7.982121944427490234e+00
5.526390075683593750e+00 7.986021041870117188e+00
5.526729583740234375e+00 7.990040302276611328e+00
5.527135848999023438e+00 7.993933677673339844e+00
5.527516841888427734e+00 7.997570514678955078e+00
5.527848243713378906e+00 8.000887870788574219e+00
5.528044223785400391e+00 8.003827095031738281e+00
5.528058052062988281e+00 8.006457328796386719e+00
5.528039932250976562e+00 8.008909225463867188e+00
5.527872562408447266e+00 8.011218070983886719e+00
5.527626514434814453e+00 8.013504028320312500e+00
5.527318477630615234e+00 8.015733718872070312e+00
5.527007579803466797e+00 8.018099784851074219e+00
5.526641845703125000e+00 8.020414352416992188e+00
5.526115894317626953e+00 8.022591590881347656e+00
5.525410652160644531e+00 8.024592399597167969e+00
5.524493694305419922e+00 8.026138305664062500e+00
5.523298263549804688e+00 8.027065277099609375e+00
