2.000000000000000000e+00 6.666666666666666297e-01
3.318719798375723951e+00 1.268251131183322000e+00
3.543324249998594411e+00 1.297615489899140995e+00
3.693881071798200466e+00 1.313730965855873345e+00
3.794802285149562415e+00 1.322575316443972859e+00
3.862451801708058685e+00 1.327429201277582349e+00
3.907798633863443616e+00 1.330093071725480858e+00
3.938195529822646979e+00 1.331555036386588231e+00
3.958571167903546240e+00 1.332357378486032751e+00
3.972229363021346771e+00 1.332797713362247283e+00
3.981384711040229174e+00 1.333039373971250052e+00
3.987521722420225956e+00 1.333172000559894599e+00
3.991635488446001467e+00 1.333244788479004184e+00
3.994393039851367178e+00 1.333284736422673422e+00
3.996241491459535666e+00 1.333306661058719200e+00
3.997480556335144541e+00 1.333318694130341653e+00
3.998311133291828412e+00 1.333325298339052889e+00
3.998867890714212336e+00 1.333328923013642697e+00
3.999241104971622995e+00 1.333330912503686738e+00
3.999491282971878725e+00 1.333332004479470756e+00
3.999658993645062832e+00 1.333332603914385350e+00
3.999771438408252333e+00 1.333332933094925954e+00
3.999846833361051957e+00 1.333333113861837393e+00
3.999897381511389849e+00 1.333333213078796708e+00
3.999931260019742751e+00 1.333333267477523343e+00
3.999953951389361606e+00 1.333333297256641181e+00
3.999969136473067621e+00 1.333333313531864128e+00
3.999979343697245060e+00 1.333333322516030650e+00
3.999986180403575453e+00 1.333333327429427007e+00
3.999990757807847519e+00 1.333333330113551485e+00
3.999993822433857371e+00 1.333333331579444003e+00
